1000
20 6
9 2
20 22
9 6
24 12
20 24
0 16
11 2
9 18
7 24
11 9
20 6
3 15
11 6
4 22
14 18
9 8
0 21
0 17
17 5
21 7
3 23
5 13
20 9
8 13
14 7
13 19
25 1
12 22
13 2
13 10
13 6
9 12
19 2
3 11
5 12
9 8
0 1
25 15
18 5
4 19
19 23
16 2
16 16
18 25
14 12
7 25
23 10
20 18
15 16
3 1
19 9
9 5
17 11
25 25
14 15
2 16
24 1
0 18
3 16
8 14
14 22
13 8
2 11
2 18
9 5
4 19
21 19
20 2
24 21
3 22
11 9
16 24
17 22
21 21
13 9
9 19
15 5
18 1
3 16
15 3
2 25
16 23
19 17
16 11
9 23
25 4
21 13
8 14
3 4
8 5
16 14
20 1
23 24
3 15
11 10
5 19
25 2
1 14
6 18
6 19
10 6
1 21
9 18
5 11
13 25
2 5
22 17
6 4
16 18
8 2
3 24
23 2
18 25
5 17
19 6
12 13
0 17
11 10
10 18
24 12
18 2
4 13
21 2
20 14
13 11
19 13
20 15
10 13
6 3
10 11
3 8
22 19
14 14
22 7
13 10
16 9
3 12
7 6
17 18
21 25
13 15
2 9
12 1
9 1
15 19
9 6
21 23
5 7
21 20
23 22
17 13
9 1
4 9
11 5
6 7
22 17
9 23
14 4
7 19
1 22
2 18
0 16
23 5
12 3
15 12
7 5
6 1
5 23
4 4
21 14
25 7
17 13
22 18
13 7
18 1
7 22
3 11
13 15
18 3
5 2
22 22
4 14
7 13
23 12
21 11
7 4
0 16
7 15
16 15
23 20
3 6
10 18
23 15
24 14
15 24
6 16
19 22
0 19
11 6
1 14
23 15
15 17
3 15
7 17
14 1
13 19
0 8
1 9
12 12
21 12
5 12
18 2
20 7
12 4
19 9
10 3
21 14
15 22
15 14
6 12
22 12
5 6
13 21
3 1
24 18
16 20
9 20
1 11
16 7
6 20
2 24
4 14
25 1
1 7
10 2
22 10
24 4
4 18
21 8
15 22
2 24
23 11
7 18
25 7
0 1
6 2
21 24
2 14
17 11
19 3
2 18
2 25
8 15
10 21
11 1
6 13
15 14
0 11
25 1
9 23
13 5
12 9
7 19
13 5
3 9
10 1
24 5
20 18
14 14
12 5
1 24
1 8
13 6
11 23
18 7
8 16
17 21
22 9
19 14
25 25
2 5
16 2
20 14
9 21
18 12
17 8
25 12
13 22
18 10
22 15
24 2
2 17
23 12
1 22
16 6
4 18
12 9
25 6
5 1
1 21
20 6
15 2
24 17
21 20
11 11
20 19
18 25
14 25
2 18
4 4
10 1
8 4
21 1
12 9
16 10
15 18
17 22
18 19
25 24
3 6
20 17
21 4
12 15
0 1
5 4
21 11
9 6
21 6
24 2
20 17
18 16
16 12
10 25
15 17
14 22
1 10
8 24
18 19
14 12
6 16
15 4
24 18
3 4
21 10
20 19
22 21
16 8
5 10
6 16
4 3
24 2
1 24
24 14
21 9
24 9
10 3
14 18
12 2
9 12
20 22
18 15
23 2
22 15
1 5
5 11
12 25
15 14
4 12
10 7
8 6
5 14
15 8
3 8
21 24
24 21
7 22
7 7
5 8
8 6
18 24
16 1
18 18
10 7
4 6
18 9
1 1
4 8
3 2
12 14
19 13
22 3
18 13
1 14
23 10
21 2
5 19
4 9
0 13
9 23
14 21
8 13
8 19
10 22
0 23
23 23
10 2
4 23
5 22
7 18
19 22
25 8
19 14
21 23
3 3
22 18
15 3
9 6
15 3
4 16
0 17
4 24
10 3
10 6
14 15
3 16
13 18
14 13
4 14
22 24
21 8
3 18
0 2
8 20
1 22
8 10
25 7
19 17
24 13
19 25
9 17
21 18
15 8
20 16
8 25
0 22
3 14
17 17
13 17
14 20
11 17
25 7
22 22
7 18
25 24
24 6
20 6
12 16
16 10
6 21
22 21
19 13
25 24
13 18
14 18
0 22
6 5
16 9
17 17
19 1
17 10
22 25
21 25
23 3
6 11
10 22
15 4
0 15
5 9
15 5
3 21
15 14
2 21
13 6
8 16
16 19
4 9
13 13
1 3
19 23
5 24
3 7
2 7
4 6
6 2
16 21
18 14
15 10
9 11
8 24
13 14
19 14
19 22
5 11
1 2
18 18
19 6
22 2
11 11
9 9
4 16
24 13
4 12
25 11
16 11
19 15
22 21
14 15
9 17
5 23
18 15
8 13
14 19
9 20
7 20
17 19
4 11
10 20
23 2
24 12
23 5
8 2
3 11
23 10
21 21
15 5
22 1
13 2
13 8
0 8
5 24
19 1
19 10
21 18
14 2
3 13
22 17
21 22
9 20
14 21
20 4
4 4
16 19
20 16
22 24
6 17
15 8
7 20
1 3
3 25
13 24
21 13
5 21
14 4
10 2
19 1
12 4
10 13
18 11
2 10
13 7
25 21
21 21
20 7
16 13
21 5
7 12
1 11
19 5
7 11
14 5
17 11
14 25
2 14
14 16
24 21
24 4
1 5
24 13
2 1
2 21
8 22
21 24
1 12
12 18
3 11
22 7
10 20
24 24
8 11
12 7
25 12
22 10
4 18
12 16
0 11
5 15
25 13
25 3
4 2
11 24
18 13
16 6
11 19
24 13
12 15
19 11
10 4
23 10
20 9
15 17
16 18
11 16
17 11
6 4
7 21
13 14
21 23
23 3
3 11
16 11
4 16
2 7
23 10
22 2
15 15
25 9
12 14
16 22
13 4
4 5
12 19
10 16
24 20
16 18
13 22
24 21
1 2
20 18
17 5
6 17
3 4
9 16
24 12
0 24
19 23
8 8
20 6
1 12
5 6
25 4
5 9
4 3
12 22
16 12
9 22
9 19
11 6
3 25
12 3
0 18
25 5
1 7
5 13
6 22
25 13
13 15
20 20
16 3
0 10
20 12
7 1
2 20
16 12
4 3
17 25
25 14
14 5
20 17
1 24
20 15
22 3
3 25
16 12
9 19
1 8
15 1
20 7
14 9
24 1
0 11
8 7
7 10
14 18
17 2
16 8
7 20
17 22
7 4
21 18
1 8
12 8
12 13
0 25
21 23
21 9
6 16
21 24
16 6
8 5
23 20
6 23
10 4
4 16
23 24
11 7
7 15
4 13
22 15
6 25
17 1
4 16
11 22
2 21
22 12
20 8
7 3
22 15
11 7
8 10
9 10
23 3
15 13
1 4
9 23
21 13
14 6
18 3
13 23
25 7
17 19
11 12
0 9
14 5
13 19
16 23
13 10
1 13
23 22
13 16
11 16
25 19
19 17
8 3
6 20
2 12
13 18
15 23
23 1
1 6
17 4
13 21
5 24
25 1
3 17
15 20
14 5
19 18
6 13
23 5
8 11
1 17
21 3
23 21
10 11
18 11
23 13
4 22
9 9
17 13
11 21
10 23
12 3
1 9
4 9
8 19
14 3
11 6
12 11
17 25
6 11
12 13
17 13
24 16
24 3
8 15
23 5
8 17
25 3
19 8
6 9
21 11
3 5
11 12
21 24
15 8
11 21
16 18
24 18
15 18
9 23
16 6
24 2
18 25
17 14
22 2
5 5
9 22
22 4
9 20
24 17
21 10
20 11
25 22
22 10
11 9
8 8
9 24
23 17
3 10
8 13
10 2
11 2
13 4
13 17
8 18
25 9
6 21
1 21
13 8
7 5
15 5
24 16
7 18
0 9
4 21
18 4
22 12
23 19
8 22
4 22
12 9
17 19
10 25
17 3
16 22
5 8
3 20
15 14
1 23
21 5
22 23
8 22
17 13
1 22
15 17
1 2
22 20
6 22
9 15
18 16
1 9
19 4
10 18
20 2
9 25
24 11
16 3
24 13
6 24
24 13
3 1
9 25
25 12
10 2
4 6
20 13
19 16
18 25
17 18
25 24
5 16
3 24
12 1
19 7
24 10
15 12
16 6
1 8
17 10
10 12
4 20
10 9
20 22
19 5
4 4
15 4
16 23
21 12
5 21
11 18
11 25
16 10
25 7
21 9
18 7
0 15
18 16
10 18
13 10
16 14
2 3
25 15
8 5
8 6
24 6
9 21
19 3
6 4
2 5
2 22
19 1
23 15
16 19
15 2
12 3
14 10
17 2
4 10
22 2
19 17
2 13
12 2
25 25
23 24
12 19
9 19
16 4
19 24
23 21
22 6
25 15
24 15
14 15
0 2
24 4
8 1
10 15
15 17
20 11
16 8
15 13
12 6
4 24
23 12
21 4
4 16
16 25
0 2
22 8
17 20
0 8
14 4
5 9
25 1
17 3
4 7
13 4
0 25
9 22
5 19
6 25
12 10
15 11
14 13
2 2
25 7
2 12
8 16
4 24
637 686
603 32
187 990
518 534
738 748
70 650
401 312
235 95
36 279
345 530
867 858
627 863
814 716
20 6
256 622
366 129
279 663
154 81
913 632
499 663
324 433
470 509
192 116
465 543
854 47
980 302
546 727
570 280
411 127
457 339
164 873
894 763
799 364
155 543
926 839
649 23
724 548
258 572
280 957
273 370
233 805
184 928
60 337
973 210
825 47
909 211
623 630
61 398
524 398
453 872
987 641
218 600
265 374
644 461
433 574
563 214
414 180
581 216
25 627
788 311
204 438
485 492
385 375
511 269
416 564
221 591
185 839
626 419
975 148
660 883
348 925
800 873
367 669
679 225
783 590
225 155
745 588
100 908
684 984
214 892
13 481
403 576
933 120
137 601
772 931
15 306
356 377
942 477
206 929
533 538
144 312
362 194
346 739
841 949
506 526
831 957
130 574
767 974
455 444
353 149
23 351
422 748
8 561
910 464
606 762
773 402
639 658
995 861
647 3
656 430
459 836
169 691
287 593
495 193
368 152
752 166
590 358
851 319
609 327
450 886
114 482
642 731
296 929
159 311
786 262
938 230
521 490
246 123
709 381
768 736
556 47
120 566
906 967
211 294
29 593
613 98
872 40
35 8
812 884
925 989
666 934
555 185
984 943
200 354
264 697
708 400
811 381
89 603
737 121
207 537
59 815
236 839
230 257
617 972
157 51
85 778
792 900
777 134
612 548
261 957
488 978
328 613
125 925
121 503
203 379
326 555
278 951
270 419
504 599
364 645
847 955
860 534
393 290
963 402
986 983
78 179
7 888
409 155
567 53
848 475
510 395
883 262
864 51
138 267
808 675
351 543
694 513
289 618
944 588
528 639
9 908
703 555
238 381
947 675
855 260
391 187
336 302
583 569
587 166
560 375
378 967
102 636
297 721
487 878
180 668
314 34
165 426
37 916
329 543
170 197
512 513
491 633
365 107
0 431
340 131
819 736
604 243
471 331
140 981
564 632
294 749
832 499
440 990
816 441
870 602
3 595
775 539
566 739
585 288
624 802
181 194
836 262
677 777
243 152
966 441
97 883
657 725
835 877
104 354
396 974
952 992
441 185
982 35
519 26
901 864
133 825
390 846
830 769
672 178
687 267
803 18
76 270
718 194
420 95
757 316
576 574
695 271
858 388
292 248
996 928
853 561
331 394
301 121
132 993
77 572
643 372
96 611
479 392
520 16
327 392
452 191
922 929
107 759
675 179
653 514
149 616
655 376
448 458
209 566
852 828
86 589
293 736
863 17
160 374
101 640
515 459
65 16
34 616
899 542
844 779
141 433
937 769
607 242
632 179
550 343
877 20
343 481
176 713
255 908
451 73
16 839
979 476
732 271
126 47
108 477
502 590
670 126
462 640
620 679
888 286
11 736
719 825
4 175
117 538
359 494
480 747
704 982
714 745
217 934
881 612
917 585
545 423
586 286
840 191
30 472
415 77
237 106
534 760
195 87
765 191
361 757
94 504
539 763
846 561
482 294
397 784
573 903
815 725
862 561
856 421
597 339
911 86
787 782
845 961
32 191
742 965
105 409
621 590
945 634
131 556
529 984
763 1
740 814
208 187
45 429
183 40
417 618
205 559
342 498
615 470
71 419
663 640
162 554
580 964
190 336
717 999
579 854
360 660
335 172
837 343
49 302
481 790
247 417
993 660
392 334
880 628
991 517
943 622
473 225
127 185
591 749
298 34
992 148
733 984
267 975
907 167
689 269
645 860
600 134
400 626
139 719
466 304
48 691
962 804
968 731
876 381
319 95
886 262
469 895
363 178
79 825
698 351
739 886
977 482
711 73
935 782
320 957
525 249
402 930
177 825
376 358
989 131
683 867
818 895
423 942
269 129
248 656
18 608
948 388
242 129
337 618
779 262
344 710
87 160
431 697
129 668
628 530
622 83
172 572
216 978
553 952
135 134
80 267
83 358
743 71
308 973
927 737
388 375
735 986
283 710
976 144
166 898
464 957
720 452
892 467
753 288
381 556
90 64
406 952
46 777
171 216
565 262
2 640
113 452
407 837
232 67
53 695
728 28
727 265
484 338
92 856
201 793
721 185
380 698
857 262
47 839
959 197
228 329
958 424
686 482
983 133
456 967
91 766
275 572
463 486
641 339
373 567
44 479
588 402
182 85
31 668
809 873
220 452
93 731
508 873
631 834
147 865
875 172
820 532
998 111
538 709
175 340
428 766
474 737
39 975
736 470
421 888
904 280
999 556
395 952
806 305
66 557
173 132
405 284
873 191
119 829
505 503
386 517
478 620
821 441
874 902
517 929
266 428
630 279
352 416
500 867
167 296
887 867
276 950
829 595
410 668
494 417
690 618
634 983
161 4
249 695
252 985
387 391
88 779
842 979
194 174
715 184
19 182
384 799
509 967
592 886
136 833
674 333
770 796
531 61
964 836
5 329
63 259
558 796
725 566
404 516
268 333
532 543
483 369
978 225
41 291
290 32
74 943
372 794
755 719
26 712
84 16
614 409
542 797
764 796
912 504
339 358
559 938
408 826
865 766
277 450
682 369
569 696
828 331
58 790
472 993
262 839
281 44
51 129
868 441
654 280
251 566
605 831
713 81
594 979
710 238
929 572
955 719
116 22
527 272
802 543
309 356
516 329
437 12
878 376
919 830
680 638
903 848
582 473
24 601
749 886
928 339
374 779
389 943
442 419
751 232
890 356
332 360
274 315
315 860
73 616
596 981
961 883
924 963
536 855
712 660
369 794
151 708
254 9
330 149
850 534
778 269
950 180
920 779
370 155
333 716
953 302
14 700
98 339
774 782
202 769
379 901
834 227
425 667
158 750
82 159
843 334
716 660
972 952
412 597
75 942
574 839
317 64
430 47
804 832
313 935
602 31
477 719
547 949
375 532
540 696
523 760
438 333
109 111
954 560
399 69
6 565
454 186
611 450
253 324
562 600
619 643
916 597
350 900
449 571
544 326
758 580
52 385
10 23
257 509
726 372
599 920
150 377
633 397
771 274
561 224
782 204
849 249
896 590
530 875
197 908
56 632
316 212
458 207
610 334
897 514
681 168
889 375
318 270
568 727
598 90
306 357
658 279
226 295
223 551
349 533
188 180
244 498
705 633
646 177
21 569
707 973
503 441
496 120
186 517
212 334
673 70
790 532
640 16
651 196
750 388
156 678
691 426
557 58
178 240
871 210
303 351
575 618
245 243
282 966
584 328
271 636
95 327
635 993
902 757
833 935
766 111
776 664
191 883
898 885
946 433
419 40
971 355
692 383
939 167
822 648
42 116
893 167
616 83
729 590
215 934
931 905
1 277
383 156
302 675
652 824
143 12
321 114
112 117
879 628
793 640
196 668
789 89
122 498
593 133
429 282
493 13
50 339
69 565
900 699
486 47
648 435
697 129
118 461
153 454
915 916
115 936
418 549
699 236
64 311
548 616
427 697
760 920
861 616
227 159
295 665
447 769
988 720
354 860
701 83
671 38
323 234
956 521
148 668
67 180
608 272
685 229
796 886
659 300
869 397
28 670
291 385
541 115
210 121
475 779
891 129
882 859
678 268
240 936
134 779
398 800
377 929
791 331
731 469
444 394
730 664
81 334
304 856
111 126
805 409
507 991
341 612
667 368
285 207
784 65
661 424
636 180
824 557
322 993
807 249
908 430
498 97
990 148
371 743
810 664
932 374
813 84
930 47
974 509
785 475
413 155
325 858
55 242
310 900
198 534
601 172
866 204
124 98
476 825
665 883
106 925
62 669
941 891
286 121
439 324
997 543
250 794
432 465
795 789
577 613
307 967
970 633
357 936
940 901
794 759
551 135
571 97
229 431
554 31
781 680
884 32
746 351
72 533
22 749
445 566
358 748
443 747
700 873
741 696
168 286
543 126
213 275
492 65
826 996
526 29
572 990
921 887
762 979
625 982
838 111
288 716
688 975
918 801
497 778
311 129
501 730
272 572
780 930
949 174
827 400
969 401
638 196
103 199
662 950
490 392
981 148
650 344
241 603
769 81
706 955
967 975
312 262
123 331
693 344
702 593
905 593
426 375
179 565
152 24
537 230
347 505
801 708
895 864
461 196
669 820
434 139
224 908
110 427
994 24
467 928
334 441
231 78
578 369
460 186
424 302
174 351
589 282
965 848
40 574
263 760
957 306
239 815
145 185
923 454
744 434
696 779
985 938
756 994
17 51
199 924
748 262
754 295
885 966
284 240
260 492
142 94
446 863
128 20
936 886
759 83
27 626
163 879
761 94
798 925
234 913
722 846
595 622
676 301
513 433
222 431
38 571
338 936
219 862
934 230
797 258
146 55
817 331
747 990
629 17
960 256
259 886
734 212
305 739
193 602
57 325
859 374
436 714
522 27
382 256
435 983
189 126
914 978
43 350
664 179
468 145
823 963
300 776
99 277
552 778
723 725
618 256
489 840
54 797
355 64
394 873
535 581
299 602
951 416
839 668
549 574
514 502
12 111
68 502
33 90
