1000
16 9
12 2
22 5
21 8
21 4
7 7
19 12
7 4
5 11
8 3
20 22
22 8
17 14
20 13
20 13
6 8
1 8
1 9
12 6
8 7
18 23
2 20
10 12
19 4
12 2
17 6
7 3
21 12
24 17
16 11
21 9
22 11
24 15
18 9
2 11
17 13
15 3
11 19
24 5
9 13
24 7
20 14
17 18
19 19
24 12
9 7
4 25
17 25
13 12
13 20
6 20
19 7
21 23
4 9
22 14
24 6
15 12
6 1
25 19
8 12
11 13
17 25
25 4
18 2
11 10
8 7
20 23
4 24
16 5
19 9
12 18
10 18
20 24
11 15
2 12
23 14
25 25
4 23
2 24
6 17
6 8
12 13
2 24
19 22
24 24
25 11
23 16
12 11
3 14
15 7
22 7
18 22
2 7
22 18
9 23
13 9
11 7
6 6
6 17
4 15
22 3
24 9
2 9
4 21
10 3
0 13
7 20
22 2
14 9
20 13
6 25
15 9
25 1
25 10
23 11
3 17
11 3
17 17
20 10
11 12
11 1
4 18
17 25
8 13
23 6
18 14
11 2
7 9
2 1
15 25
12 23
22 10
3 19
21 12
21 23
17 5
2 19
1 17
14 15
5 17
17 22
4 3
21 24
11 20
21 24
5 25
21 20
4 25
3 18
1 1
1 4
6 2
1 1
1 17
5 7
23 12
18 24
8 14
10 16
9 18
21 24
20 24
14 22
2 16
23 6
11 5
22 14
21 1
18 7
11 23
8 7
23 10
5 6
20 14
12 15
24 13
25 21
18 4
9 24
6 21
3 19
3 23
3 5
15 14
0 18
19 1
8 10
16 5
24 5
8 9
17 4
6 23
7 19
22 17
21 21
11 19
25 17
23 9
16 24
25 16
22 9
2 8
13 13
22 5
23 8
5 13
18 11
0 19
5 14
25 1
17 1
9 20
18 12
3 22
0 6
5 7
9 12
15 1
24 1
14 21
13 20
6 5
9 20
24 23
10 16
13 25
11 14
20 5
11 9
12 17
3 20
14 25
5 9
4 20
0 9
14 7
12 23
22 9
23 11
18 23
10 20
7 12
24 20
18 21
15 12
25 13
19 12
0 9
20 3
16 2
15 7
14 11
9 15
21 5
15 18
3 16
14 8
11 5
12 9
24 18
15 18
0 18
25 15
6 10
6 22
14 17
14 11
18 17
22 9
16 4
12 12
8 19
2 5
25 24
0 5
3 20
3 8
18 1
21 23
0 13
19 11
5 4
19 2
0 7
12 14
10 1
16 17
21 12
22 11
18 16
24 25
18 5
8 22
13 2
21 7
5 8
0 8
17 10
0 22
15 5
20 2
0 11
9 13
1 10
4 23
1 7
0 23
7 7
8 19
5 15
2 4
2 21
4 3
6 9
1 13
24 20
9 7
2 13
4 17
5 20
20 10
0 25
18 13
21 12
15 7
18 7
22 23
14 4
22 3
15 22
22 8
0 8
6 21
7 15
5 8
9 8
24 6
19 15
21 15
10 7
8 6
24 4
11 3
5 17
19 11
16 20
19 20
23 12
14 2
12 7
0 12
1 24
24 21
13 24
0 21
6 3
9 21
12 18
14 17
9 20
3 7
21 1
4 4
6 3
20 7
5 8
1 21
22 22
10 1
6 12
24 22
20 18
14 19
12 8
8 9
15 4
2 3
4 1
3 10
17 9
2 17
4 18
17 13
13 3
2 25
16 12
6 13
13 11
15 12
23 16
20 17
8 7
19 11
17 4
19 5
22 22
1 11
18 16
16 21
23 8
1 15
24 16
23 22
17 11
1 23
3 25
14 9
8 19
19 11
19 6
9 16
12 4
23 3
22 24
13 4
21 11
4 5
1 22
21 23
22 6
0 10
5 4
7 10
10 16
11 22
23 2
5 16
19 18
3 24
22 22
14 12
16 16
21 7
3 14
4 9
21 18
12 10
21 23
12 9
23 9
11 23
3 19
23 22
12 1
5 9
11 17
18 23
16 11
1 3
18 23
25 23
15 4
14 18
12 1
22 23
2 19
10 13
6 20
13 6
3 18
17 23
10 5
19 5
24 7
2 20
23 1
0 4
3 4
24 13
3 17
17 6
17 4
7 25
17 16
23 19
0 13
23 21
2 23
8 17
5 21
12 4
3 16
23 21
22 14
24 21
16 19
23 1
20 5
19 14
15 7
15 5
18 4
13 24
11 24
2 18
18 3
16 23
2 5
0 9
24 17
21 6
12 8
15 4
20 14
4 20
14 4
1 13
5 10
18 12
19 11
8 4
21 24
20 9
1 2
19 10
21 13
21 25
6 2
9 18
14 25
3 7
0 12
22 24
6 22
21 20
22 22
16 13
21 11
14 22
11 8
12 12
0 16
16 4
15 6
8 19
18 16
18 23
0 21
22 20
17 11
22 20
17 7
19 2
0 2
18 19
0 17
5 2
22 2
25 16
22 20
2 9
8 13
5 10
11 8
20 17
14 1
20 5
17 24
16 16
18 7
15 14
0 8
4 21
22 20
22 11
4 20
11 6
11 14
11 16
11 19
10 12
24 7
8 5
19 5
13 12
12 1
4 14
19 3
2 16
15 12
12 15
15 12
25 6
13 22
19 9
18 21
14 17
4 11
21 5
4 13
0 24
20 12
4 4
0 25
0 13
21 25
14 9
8 16
21 13
10 24
19 9
2 20
25 10
10 5
11 6
1 20
0 7
12 16
13 1
17 17
8 15
17 9
4 3
6 7
22 17
20 7
18 9
25 15
20 14
7 3
12 2
24 10
6 22
12 8
18 24
22 1
0 5
11 22
20 7
8 24
13 22
4 19
21 1
21 1
18 17
9 22
24 2
25 15
0 19
18 22
24 5
10 11
0 25
25 1
22 8
16 11
3 8
14 4
12 21
17 3
12 9
20 17
20 4
13 11
22 1
18 17
16 11
5 11
11 3
15 20
25 24
3 16
10 15
3 15
17 14
18 9
7 1
20 5
18 20
6 2
20 18
18 23
21 10
6 1
12 5
14 16
10 21
11 7
2 18
10 18
24 13
4 8
24 9
18 24
14 1
15 15
5 16
13 6
13 7
5 22
12 25
13 13
11 9
23 8
11 12
11 16
3 11
16 10
5 24
17 4
25 23
19 1
12 4
14 17
0 4
11 1
5 22
7 7
25 9
20 25
8 10
1 3
11 20
25 14
11 12
19 18
21 15
23 7
17 10
2 22
9 3
4 12
22 1
4 1
25 11
18 21
7 18
24 2
19 18
18 10
24 13
11 25
12 25
11 1
5 9
2 14
3 10
14 18
16 7
4 8
17 25
5 19
21 18
13 18
19 16
16 17
11 2
13 14
13 14
9 23
20 8
24 13
17 20
23 9
23 14
15 14
10 3
6 8
0 16
21 3
6 2
6 6
7 9
21 19
7 25
20 15
4 6
23 3
23 6
20 19
17 22
13 12
21 15
22 12
9 15
15 17
4 20
2 2
18 8
25 17
15 2
21 4
20 24
1 23
19 10
20 16
10 16
23 5
7 1
13 8
18 3
1 7
10 8
10 6
1 12
8 11
15 22
7 24
16 21
24 20
15 20
5 10
5 12
14 7
25 3
19 4
21 8
9 13
15 14
0 18
13 17
3 2
15 16
18 16
8 11
7 2
23 18
2 5
2 21
15 21
12 8
3 10
20 11
21 2
7 21
14 24
0 22
24 23
19 4
22 8
21 13
13 9
13 7
25 11
4 11
25 11
10 16
18 9
21 18
14 11
11 18
25 24
11 21
1 4
7 14
10 14
16 23
23 19
6 16
3 16
19 16
8 8
6 8
1 3
21 13
13 2
16 21
15 10
5 18
11 6
3 20
10 24
22 4
24 14
23 16
18 1
22 12
19 1
4 18
20 17
22 12
7 18
5 7
22 7
2 11
22 8
13 24
7 14
1 24
13 15
12 15
19 7
16 2
11 23
15 12
24 8
1 4
9 12
0 16
24 10
4 22
12 22
15 7
9 21
6 7
3 14
21 3
11 6
20 6
6 24
8 25
24 11
14 10
1 16
20 6
0 6
25 23
18 10
22 11
18 22
8 18
4 1
24 10
18 9
23 6
18 4
0 12
9 8
21 24
13 18
24 17
23 23
15 2
20 21
24 2
0 16
10 7
10 8
22 11
21 19
0 6
10 9
13 13
8 2
0 4
18 1
2 22
18 21
13 6
17 5
5 17
0 5
17 9
11 23
14 1
5 15
23 1
25 19
14 16
25 23
13 5
11 17
8 2
22 4
1 1
20 5
8 16
25 11
7 20
22 12
9 6
7 17
12 19
0 20
2 18
17 23
3 10
3 22
9 18
23 11
10 1
6 17
0 11
25 1
10 12
17 6
11 14
8 14
13 15
12 2
20 7
6 1
21 2
5 20
1 17
1 15
13 12
6 23
22 7
5 24
10 17
12 17
8 2
3 9
1 17
16 4
19 15
5 1
20 23
17 22
806 730
269 410
152 825
397 88
184 829
461 771
843 194
648 509
22 750
837 659
214 475
303 5
956 175
182 969
954 577
104 729
286 4
356 967
661 202
462 834
507 452
428 531
76 246
68 939
763 871
655 769
468 138
719 268
790 225
858 0
791 11
779 302
614 264
327 810
185 643
189 312
548 837
205 176
480 489
347 885
733 121
132 403
917 295
850 736
645 511
299 34
970 519
34 159
409 542
710 152
467 216
938 61
663 171
212 382
675 754
456 561
160 297
851 534
575 470
958 752
834 444
391 197
506 271
96 512
28 560
500 160
301 437
31 168
226 51
677 675
168 598
608 35
17 726
673 997
490 280
918 375
262 639
90 954
281 877
147 266
288 257
899 228
903 404
942 463
630 464
259 360
544 324
832 628
410 267
371 757
601 467
932 324
177 185
746 41
981 819
841 821
691 423
219 815
846 809
61 576
689 505
492 914
999 242
805 937
519 756
898 153
338 790
27 505
523 350
566 531
644 223
976 950
256 263
59 124
671 129
411 490
284 920
674 228
983 718
992 43
79 845
493 938
570 782
988 785
542 653
240 26
962 487
577 156
62 436
908 71
451 42
52 480
320 958
449 802
427 103
725 553
875 783
745 149
799 625
193 768
653 271
924 132
0 295
258 18
57 987
923 651
255 526
882 949
379 953
369 473
87 688
121 401
743 860
545 397
612 769
770 162
72 944
651 148
534 347
133 665
569 120
524 323
991 219
518 848
9 553
513 538
589 63
33 68
5 539
229 140
855 53
728 311
458 795
679 809
39 761
997 841
729 756
158 661
744 914
825 766
355 877
233 375
41 470
228 449
740 824
426 893
60 304
980 235
692 123
595 764
170 406
830 572
40 556
935 323
660 863
211 796
541 469
11 385
413 861
430 460
528 826
248 314
67 156
863 740
530 16
116 295
315 342
307 956
747 791
400 578
138 858
937 334
351 399
440 825
632 833
615 969
627 814
74 57
558 870
561 114
392 819
964 496
494 745
852 274
510 858
840 891
540 530
810 534
869 221
889 974
246 190
111 540
509 768
50 51
334 468
739 723
606 171
15 831
667 550
982 821
390 510
604 721
842 909
98 238
781 66
237 359
593 101
505 206
378 877
420 397
783 223
565 776
216 843
7 462
720 500
921 876
531 810
947 439
84 396
535 306
564 809
508 381
222 111
814 570
107 187
293 279
434 836
446 476
643 984
333 369
249 127
370 818
878 783
466 494
631 738
349 149
405 160
816 259
760 589
454 475
342 970
459 920
149 844
196 868
447 91
681 686
366 968
943 274
771 205
895 650
998 270
382 370
174 57
657 689
437 7
775 731
305 168
136 547
765 780
772 508
711 669
695 171
486 446
847 108
713 661
813 281
927 336
551 574
24 58
268 948
880 901
194 896
473 284
554 669
242 246
684 365
49 630
888 16
811 40
683 766
844 915
547 365
581 866
424 578
969 989
479 148
453 360
18 995
854 549
499 496
135 830
762 673
735 632
682 784
573 97
162 633
274 382
381 151
580 604
450 476
309 109
642 933
780 303
316 870
946 530
716 40
591 448
178 73
960 547
665 712
776 793
795 972
295 309
195 77
804 559
656 929
353 193
704 320
583 159
475 374
936 941
188 839
352 330
706 337
88 29
127 788
986 175
600 363
380 562
798 948
784 932
724 785
732 434
881 967
354 774
787 288
911 908
169 88
539 189
896 495
407 668
550 656
350 24
870 305
103 830
119 208
944 721
587 122
752 500
815 658
915 329
221 972
967 649
708 261
602 143
201 547
395 617
393 310
952 314
321 395
386 418
948 72
465 250
412 169
680 621
64 177
722 439
549 993
894 646
312 238
619 563
498 713
89 277
197 88
484 915
146 491
928 869
503 513
613 715
175 74
920 537
567 785
979 789
527 547
183 864
294 204
537 243
574 634
441 97
576 542
326 403
883 767
623 294
94 476
611 811
300 64
54 649
220 675
83 790
594 542
953 876
718 324
890 271
445 323
488 280
902 367
782 270
971 287
232 916
200 214
443 583
624 609
124 722
260 559
862 582
590 763
730 474
14 650
626 268
685 396
693 316
827 975
845 397
244 423
502 82
916 382
849 671
836 332
562 869
272 172
186 110
886 150
207 675
515 887
469 559
705 55
215 318
308 51
839 289
687 226
802 693
925 813
951 954
163 876
455 281
922 170
394 274
559 245
112 628
635 132
56 875
191 511
264 797
676 657
114 514
712 898
302 439
742 979
640 386
977 669
253 950
629 28
628 371
345 339
265 617
199 903
987 428
737 767
206 273
777 339
533 500
761 760
794 512
633 530
417 88
610 738
433 328
415 37
164 711
101 161
82 273
157 949
792 687
292 663
809 701
444 698
344 19
6 623
867 216
81 990
156 790
105 793
472 968
829 480
666 680
797 335
46 549
750 552
803 850
536 955
701 765
414 302
700 773
372 836
311 127
741 646
329 687
552 590
582 80
950 331
831 473
223 222
588 97
55 786
848 805
58 79
464 118
2 894
511 704
368 774
774 992
204 746
496 630
460 229
235 372
709 551
130 732
637 20
885 847
985 756
557 500
910 6
173 457
931 630
396 198
122 372
618 552
251 550
758 993
277 115
35 515
748 401
620 670
406 828
16 897
283 672
707 682
137 941
78 133
879 700
8 897
572 822
234 552
605 482
694 110
230 487
820 549
106 559
296 419
789 78
584 472
375 219
616 951
1 578
291 975
826 704
914 453
641 868
482 916
993 526
419 474
662 839
497 141
759 73
471 884
140 180
12 909
224 297
403 483
481 273
968 81
634 660
384 977
282 823
30 696
990 239
92 43
313 783
73 346
26 270
897 880
38 800
753 184
877 418
823 199
504 380
120 474
151 528
501 331
483 715
516 552
973 346
861 263
306 619
325 540
365 283
639 178
145 288
51 280
546 71
155 329
332 988
876 1
77 4
586 453
37 658
891 714
571 40
522 374
217 742
621 246
690 173
245 799
860 615
598 513
171 738
871 679
887 614
919 388
134 55
664 712
243 66
517 69
659 632
975 899
357 403
833 147
285 548
192 62
853 570
463 60
715 599
754 992
102 240
181 805
766 700
778 903
495 343
909 955
425 763
180 350
399 41
563 187
721 517
585 855
363 834
383 699
218 237
636 110
930 348
786 649
310 269
335 944
736 627
769 995
553 680
48 264
402 777
652 701
317 854
646 326
408 970
110 5
304 991
756 201
358 896
874 174
361 953
514 455
159 392
892 571
95 835
314 32
538 938
93 445
904 953
734 293
961 52
71 966
275 742
617 33
901 214
187 835
485 665
785 230
796 864
91 681
126 201
828 668
29 688
142 671
978 832
609 669
129 310
649 787
271 994
225 437
374 396
723 196
625 289
543 321
688 35
934 563
933 512
727 949
209 798
4 321
203 92
965 713
388 723
198 244
318 731
387 108
208 380
336 873
491 988
773 322
270 606
65 715
241 849
45 152
128 574
439 15
698 655
726 910
478 951
474 39
520 765
995 619
912 862
118 317
994 457
966 548
32 571
328 872
819 402
768 689
801 359
647 113
276 55
360 318
429 110
476 959
526 910
422 452
331 439
807 515
280 307
86 912
738 157
597 467
818 950
900 964
421 419
622 982
69 413
179 571
751 119
66 714
322 952
373 632
47 769
817 181
470 709
398 270
913 610
401 471
669 184
821 881
340 747
330 830
25 833
670 912
3 710
213 606
686 532
416 457
131 902
99 932
143 199
438 473
236 927
423 728
418 747
568 863
755 34
838 131
161 620
278 189
905 103
337 70
167 747
63 743
907 581
703 196
955 605
699 478
319 13
800 883
252 365
672 629
812 60
822 725
658 383
108 979
757 850
603 260
289 808
364 963
254 346
385 359
324 909
872 366
448 501
489 161
668 498
100 691
592 476
579 947
560 555
377 944
884 512
23 598
42 77
697 965
764 757
596 370
323 91
341 216
431 43
97 453
346 123
297 36
442 653
857 702
279 451
959 768
20 754
939 919
487 838
376 895
893 428
835 300
290 939
202 942
856 492
599 344
767 696
267 702
109 170
70 732
247 827
525 868
343 624
125 668
532 137
148 460
19 908
477 353
43 762
607 984
859 283
113 315
808 741
80 408
949 848
123 282
512 744
989 70
578 832
654 515
865 321
117 870
714 103
250 467
238 93
144 650
154 355
153 730
263 3
172 116
702 925
139 569
287 772
115 711
650 991
359 899
190 748
788 251
21 858
367 452
452 75
273 465
972 211
941 293
824 784
556 287
436 471
176 873
44 161
85 21
348 660
298 416
36 759
432 317
362 463
231 397
529 599
239 165
257 56
53 279
166 848
926 806
984 849
940 832
435 934
210 374
974 805
165 774
261 510
638 86
521 719
555 361
141 920
13 648
717 295
957 680
793 833
996 920
389 309
696 260
873 516
339 751
404 964
150 184
75 771
266 433
678 797
731 450
866 271
864 923
10 369
227 854
906 441
749 915
868 299
963 385
945 914
929 466
