122 38
23 20 5 5 20 15 10 10 20 20 20 10 10 10 20 5 5 10 5 15 5 15 20 20
27 20 20 10 15 5 5 10 20 10 15 20 15 20 20 15 20 10 15 5 15 10 15 5 10 15 15 5
4 20 20 5 15
4 20 10 5 15
27 20 5 5 5 20 15 15 10 5 15 5 5 5 5 10 20 15 15 10 5 15 15 15 10 20 20 20
33 20 5 15 20 10 15 20 15 15 15 5 20 15 5 20 10 5 15 20 15 15 15 20 5 5 5 15 15 20 15 15 10 15
11 15 15 15 15 20 5 5 10 15 10 15
15 15 10 20 5 5 15 15 10 20 10 5 15 10 20 15
14 5 5 10 15 10 15 15 5 15 10 20 15 15 20
22 20 15 20 20 5 20 10 10 5 20 20 10 5 20 15 15 10 5 15 5 10 5
2 10 20
36 5 5 20 5 10 15 10 5 20 5 5 15 10 15 20 5 15 10 10 5 5 10 10 15 10 5 20 20 5 15 10 15 20 5 20 15
0
3 10 5 5
3 5 20 5
5 20 15 10 15 5
22 20 20 15 15 15 10 15 20 5 10 5 20 5 10 5 15 20 20 5 20 5 15
31 15 20 20 20 5 10 10 15 5 20 10 20 10 5 15 15 15 5 20 5 20 5 15 5 5 20 10 10 20 5 5
36 5 20 10 5 15 5 5 5 20 15 15 5 5 10 5 5 5 15 10 5 10 10 10 20 20 15 15 20 15 20 5 20 10 20 10 20
36 20 10 20 10 10 5 20 20 20 10 10 15 10 10 15 10 15 20 15 10 15 5 15 20 20 10 10 15 10 15 20 10 20 20 10 20
37 5 20 5 20 5 20 10 10 5 10 15 10 10 15 10 10 5 15 10 5 15 10 20 5 5 5 5 15 15 5 15 20 15 5 5 15 15
27 20 20 5 10 20 20 10 15 5 15 5 20 5 20 15 5 15 15 20 15 15 5 15 5 20 15 5
18 10 10 10 15 20 5 5 10 15 20 15 10 20 20 15 10 5 5
11 20 15 5 15 15 20 5 10 5 20 15
15 15 15 20 20 5 15 20 5 10 15 5 5 5 10 10
36 20 20 10 10 20 10 10 10 10 15 15 15 5 20 20 20 15 15 20 15 20 5 10 5 5 10 20 10 20 10 10 10 5 20 5 15
9 10 20 5 5 5 15 10 5 20
34 5 15 15 15 15 10 5 5 5 15 10 5 10 20 10 20 15 5 5 20 5 10 10 20 20 20 5 20 10 20 15 5 20 20
25 20 10 20 5 15 15 15 20 15 20 10 5 10 15 15 10 20 10 10 10 5 10 20 10 5
8 5 10 20 20 10 5 5 20
28 15 20 5 5 10 20 5 20 20 5 10 10 5 20 20 10 10 15 5 15 5 5 15 15 20 15 20 10
35 15 5 15 15 15 5 5 20 5 5 5 5 5 5 10 5 20 5 10 15 10 20 15 20 15 5 20 15 20 5 15 10 20 5 20
35 15 20 10 20 15 10 15 20 20 10 20 20 15 15 10 20 20 5 10 10 5 20 5 5 15 10 5 5 20 20 15 15 5 5 10
25 5 15 15 5 20 5 10 10 5 10 10 5 5 10 15 10 10 20 15 10 20 10 5 5 5
38 5 5 10 15 5 5 20 20 10 5 20 15 20 20 5 15 20 20 10 5 5 20 15 5 15 15 10 20 5 15 20 5 10 10 15 5 15 10
27 20 5 15 10 15 10 10 10 20 20 15 10 20 20 20 20 5 15 5 10 5 5 10 15 5 20 5
12 10 15 20 20 5 15 20 10 15 10 5 20
19 20 20 5 10 10 20 15 20 15 10 20 15 20 20 10 15 15 15 5
29 15 15 15 10 5 5 10 10 5 10 5 5 10 20 15 15 5 20 10 10 5 15 20 15 5 5 20 15 15
15 20 20 15 15 5 5 20 5 10 10 10 20 15 10 15
1 10
2 5 20
3 20 20 20
23 10 15 10 5 10 5 20 15 20 20 15 15 20 15 10 15 10 5 20 20 10 20 15
1 15
36 5 20 10 15 15 5 20 5 15 5 20 20 10 15 15 10 20 20 15 5 15 10 5 15 15 20 15 5 10 20 15 20 5 20 10 10
5 5 5 5 15 5
27 15 20 20 15 15 5 10 10 20 10 10 10 10 20 20 5 10 20 5 10 10 15 10 10 10 5 10
34 10 20 5 20 20 10 5 15 5 10 5 10 15 10 20 15 5 10 5 15 10 20 10 5 15 20 5 15 20 5 15 20 20 20
34 15 20 10 20 20 10 15 10 15 10 15 15 10 10 5 5 20 10 5 5 10 5 20 15 15 5 20 20 15 10 10 15 20 15
20 15 15 15 15 15 15 10 5 10 15 10 15 20 15 20 10 20 15 10 20
3 5 20 20
35 15 5 10 20 20 10 5 15 10 5 20 5 20 20 15 5 15 15 15 20 20 15 5 20 10 15 10 5 15 5 5 10 5 10 15
27 15 10 5 5 15 20 15 10 20 15 5 20 10 20 10 15 15 10 5 10 5 20 5 15 20 5 20
11 20 15 10 20 10 20 15 20 15 5 5
4 20 15 5 5
20 20 20 5 15 20 10 15 10 20 5 5 5 10 5 10 10 20 20 15 15
29 10 10 15 15 10 15 15 15 10 20 5 20 15 10 20 10 10 5 20 5 20 10 15 10 5 15 20 10 20
3 10 20 15
24 10 10 15 15 15 15 5 15 5 10 10 15 20 10 10 10 20 10 10 15 10 10 20 20
38 10 15 20 15 5 5 20 20 5 10 15 20 20 10 20 20 15 20 20 10 5 20 15 10 15 5 15 10 15 20 10 20 15 20 5 15 10 5
35 15 15 15 20 15 5 20 15 20 20 15 10 10 15 10 20 5 15 10 15 20 10 20 20 10 20 15 5 5 20 10 10 10 5 5
35 5 20 15 20 15 5 20 15 15 10 15 5 10 5 20 15 20 10 15 15 10 15 10 10 10 15 15 15 5 5 10 5 10 20 15
7 15 10 10 5 20 15 10
23 20 20 20 20 15 15 15 20 10 5 5 10 20 5 10 10 10 15 15 5 15 10 5
10 10 5 20 20 15 10 5 15 10 15
8 5 5 10 5 5 5 20 20
35 20 15 10 5 5 15 20 10 5 5 15 15 15 5 5 10 20 5 20 15 10 20 20 10 5 15 10 10 10 20 20 5 20 15 5
34 10 15 5 5 20 5 15 10 10 20 15 20 10 20 15 5 10 20 5 15 10 20 10 15 10 10 15 15 5 5 20 5 20 10
26 5 5 5 20 5 5 20 5 5 15 15 15 20 20 15 15 10 15 5 20 5 5 10 10 5 10
25 10 10 5 15 5 20 5 15 20 5 20 15 20 20 20 15 5 15 15 20 15 20 15 10 15
6 15 20 20 20 10 15
38 5 10 5 20 10 20 10 15 5 10 20 15 20 20 15 20 20 5 15 20 15 20 15 10 10 10 10 5 20 5 20 20 20 20 20 10 20 20
3 10 5 10
36 5 10 20 5 5 5 10 15 10 20 20 10 10 10 20 20 15 20 5 15 5 15 15 20 10 5 15 10 5 10 20 10 10 15 10 5
21 15 10 10 20 5 15 10 10 15 5 15 15 10 15 10 15 10 10 5 20 20
16 5 20 15 15 10 20 10 15 15 5 5 20 20 15 10 15
7 5 5 10 15 15 10 10
20 5 5 15 5 20 15 15 5 20 20 20 10 20 5 5 10 15 20 15 20
33 10 20 20 20 15 15 5 15 20 20 20 5 20 5 15 10 10 5 10 10 15 15 5 15 5 10 15 5 5 20 10 5 20
22 20 5 20 20 5 5 5 5 10 5 15 5 15 5 10 5 20 5 5 10 15 20
19 15 5 10 5 10 20 10 15 20 20 20 10 15 15 5 10 10 15 20
24 10 15 15 15 15 10 15 15 5 10 20 15 20 20 20 10 5 15 5 15 20 5 20 15
31 20 10 15 5 5 20 20 20 10 10 15 10 15 5 10 10 10 20 5 15 15 10 5 5 15 20 15 20 5 15 15
11 20 20 15 20 15 10 5 10 5 15 5
22 5 10 5 20 10 15 5 10 15 10 20 5 5 10 15 10 15 10 15 15 20 10
29 20 20 5 20 20 5 5 15 20 15 15 5 5 10 5 20 5 20 20 10 5 20 5 15 15 10 20 15 20
1 10
38 15 10 20 15 15 15 10 10 15 5 10 10 20 15 10 10 20 20 10 20 15 20 20 5 10 20 5 10 15 15 15 15 20 20 10 15 5 15
20 15 10 10 20 10 10 10 15 15 20 10 5 5 5 20 5 15 15 15 10
33 10 15 10 20 20 15 10 10 20 5 10 15 5 20 5 20 20 5 20 15 20 15 15 20 5 20 10 5 15 20 5 15 5
15 15 15 10 15 20 5 5 5 10 10 10 5 10 15 10
34 5 10 20 20 5 5 15 10 20 20 10 5 5 5 5 15 10 10 20 10 5 15 5 20 10 10 10 10 20 15 20 5 10 15
22 5 10 10 5 20 5 10 5 10 10 15 10 20 5 15 5 20 10 20 10 5 20
36 10 10 15 5 10 20 20 5 20 5 10 20 10 5 5 20 5 10 10 15 15 20 20 15 5 5 15 5 5 15 15 5 5 10 15 5
1 15
30 5 20 20 5 15 15 10 15 10 5 15 15 20 10 20 15 5 10 20 5 20 15 5 15 10 10 10 20 20 15
9 10 5 10 10 20 15 20 20 20
32 15 20 20 15 5 15 5 5 20 20 15 20 15 5 10 20 20 10 5 20 20 10 20 15 5 15 15 5 10 10 5 5
30 20 20 20 20 5 10 5 20 20 20 5 10 10 10 15 5 15 15 5 15 15 5 15 20 15 5 10 20 5 15
0
5 10 15 20 5 20
25 5 20 5 15 20 10 20 10 10 20 5 5 5 5 10 5 10 15 15 20 5 20 10 5 15
7 20 10 20 10 15 10 15
23 15 5 10 20 5 15 10 15 10 5 10 20 15 20 15 5 20 5 10 5 5 10 15
20 10 10 10 5 10 10 15 15 10 5 10 20 5 10 15 15 5 15 20 15
21 15 15 20 5 15 10 15 20 10 20 15 10 15 5 20 5 20 10 15 10 5
21 5 15 5 10 15 15 15 10 20 10 10 15 15 10 15 15 20 5 20 10 5
16 5 10 5 20 20 15 15 15 10 15 20 5 5 5 20 5
33 10 10 20 10 15 15 20 5 20 10 5 20 15 15 15 10 15 5 10 5 10 10 10 5 20 5 20 20 20 10 5 15 15
32 15 5 10 10 20 20 5 20 20 15 10 15 5 15 5 15 20 20 15 15 5 5 15 10 5 15 20 15 20 20 5 15
18 5 15 20 15 10 15 10 10 20 10 15 5 5 5 20 20 15 20
38 20 15 15 20 5 20 5 10 10 10 15 15 5 10 15 20 15 15 15 10 5 5 20 5 15 15 20 5 10 5 15 5 10 10 10 10 20 20
19 10 15 15 15 15 10 15 15 10 15 15 10 20 15 20 20 5 5 5
27 20 20 20 15 15 20 15 5 15 10 5 5 5 5 15 15 20 20 15 5 5 10 15 20 15 20 10
38 15 20 15 10 20 10 10 10 10 5 15 20 15 10 20 5 20 20 20 15 10 5 20 5 15 5 10 20 5 20 10 20 5 5 20 20 20 15
2 15 5
0
38 15 15 15 10 5 15 5 20 15 5 20 20 5 5 15 15 15 15 20 10 15 15 15 10 20 5 10 15 10 15 5 15 10 15 10 10 5 5
33 20 5 5 10 20 20 15 15 10 20 5 20 20 10 10 20 20 10 5 15 15 5 5 15 15 5 10 20 10 15 15 15 15
27 20 20 10 20 15 20 20 15 5 5 20 5 5 5 15 20 15 15 10 5 20 20 15 20 5 5 10
15 20 15 20 10 15 15 15 10 10 15 5 20 5 5 10
