122 38
38 20 5 5 20 15 10 10 20 20 20 10 10 10 20 5 5 10 5 15 5 15 20 20 20 20 20 10 15 5 5 10 20 10 15 20 15 20 20
22 20 10 15 5 15 10 15 5 10 15 15 5 5 20 20 5 15 5 20 10 5 15
26 5 5 5 20 15 15 10 5 15 5 5 5 5 10 20 15 15 10 5 15 15 15 10 20 20 20
24 5 15 20 10 15 20 15 15 15 5 20 15 5 20 10 5 15 20 15 15 15 20 5 5
23 15 20 15 15 10 15 10 15 15 15 15 20 5 5 10 15 10 15 10 15 10 20 5
38 15 15 10 20 10 5 15 10 20 15 10 5 5 10 15 10 15 15 5 15 10 20 15 15 20 15 20 15 20 20 5 20 10 10 5 20 20 10
29 15 15 10 5 15 5 10 5 5 10 20 5 5 20 5 10 15 10 5 20 5 5 15 10 15 20 5 15 10
7 5 10 10 15 10 5 20
25 5 15 10 15 20 5 20 15 5 5 10 5 5 5 5 20 5 5 20 15 10 15 5 15 20
37 15 15 15 10 15 20 5 10 5 20 5 10 5 15 20 20 5 20 5 15 20 15 20 20 20 5 10 10 15 5 20 10 20 10 5 15 15
16 5 20 5 20 5 15 5 5 20 10 10 20 5 5 5 20
1 15
1 5
18 15 5 5 10 5 5 5 15 10 5 10 10 10 20 20 15 15 20
35 20 5 20 10 20 10 20 20 10 20 10 10 5 20 20 20 10 10 15 10 10 15 10 15 20 15 10 15 5 15 20 20 10 10 15
20 20 10 20 20 10 20 5 20 5 20 5 20 10 10 5 10 15 10 10 15
11 5 15 10 5 15 10 20 5 5 5 5
18 5 15 20 15 5 5 15 15 20 20 20 5 10 20 20 10 15 5
4 20 5 20 15
33 15 15 20 15 15 5 15 5 20 15 5 15 10 10 10 15 20 5 5 10 15 20 15 10 20 20 15 10 5 5 10 20 15
17 15 20 5 10 5 20 15 10 15 15 20 20 5 15 20 5 10
37 5 5 5 10 10 20 20 10 10 20 10 10 10 10 15 15 15 5 20 20 20 15 15 20 15 20 5 10 5 5 10 20 10 20 10 10 10
32 20 5 15 10 10 20 5 5 5 15 10 5 20 5 15 15 15 15 10 5 5 5 15 10 5 10 20 10 20 15 5 5
4 10 10 20 20
4 20 10 20 15
29 20 20 20 10 20 5 15 15 15 20 15 20 10 5 10 15 15 10 20 10 10 10 5 10 20 10 5 10 5
10 20 20 10 5 5 20 20 15 20 5
15 20 5 20 20 5 10 10 5 20 20 10 10 15 5 15
38 5 15 15 20 15 20 10 15 5 15 15 15 5 5 20 5 5 5 5 5 5 10 5 20 5 10 15 10 20 15 20 15 5 20 15 20 5 15
26 5 20 15 20 10 20 15 10 15 20 20 10 20 20 15 15 10 20 20 5 10 10 5 20 5 5
15 5 5 20 20 15 15 5 5 10 20 5 15 15 5 20
13 10 5 10 10 5 5 10 15 10 10 20 15 10
11 5 5 5 5 5 10 15 5 5 20 20
6 20 15 20 20 5 15
28 20 10 5 5 20 15 5 15 15 10 20 5 15 20 5 10 10 15 5 15 10 20 20 5 15 10 15 10
13 20 20 15 10 20 20 20 20 5 15 5 10 5
9 15 5 20 5 10 10 15 20 20
22 20 10 15 10 5 20 15 20 20 5 10 10 20 15 20 15 10 20 15 20 20 10
18 15 5 20 15 15 15 10 5 5 10 10 5 10 5 5 10 20 15
35 5 20 10 10 5 15 20 15 5 5 20 15 15 10 20 20 15 15 5 5 20 5 10 10 10 20 15 10 15 5 10 5 5 20 5
29 20 15 10 15 10 5 10 5 20 15 20 20 15 15 20 15 10 15 10 5 20 20 10 20 15 5 15 5 20
17 15 5 20 5 15 5 20 20 10 15 15 10 20 20 15 5 15
2 15 15
35 15 5 10 20 15 20 5 20 10 10 5 5 5 5 15 5 20 15 20 20 15 15 5 10 10 20 10 10 10 10 20 20 5 10 20
11 10 15 10 10 10 5 10 10 20 5 20
11 5 15 5 10 5 10 15 10 20 15 5
0
9 20 10 5 15 20 5 15 20 5
33 20 20 20 15 20 10 20 20 10 15 10 15 10 15 15 10 10 5 5 20 10 5 5 10 5 20 15 15 5 20 20 15 10
38 10 15 20 15 15 15 15 15 15 15 15 10 5 10 15 10 15 20 15 20 10 20 15 10 20 5 5 20 20 15 5 10 20 20 10 5 15 10
35 20 5 20 20 15 5 15 15 15 20 20 15 5 20 10 15 10 5 15 5 5 10 5 10 15 20 15 10 5 5 15 20 15 10 20
37 5 20 10 20 10 15 15 10 5 10 5 20 5 15 20 5 20 10 20 15 10 20 10 20 15 20 15 5 5 5 20 15 5 5 15 20 20
21 20 10 15 10 20 5 5 5 10 5 10 10 20 20 15 15 20 10 10 15 15
8 15 15 15 10 20 5 20 15
31 10 10 5 20 5 20 10 15 10 5 15 20 10 20 5 10 20 15 20 10 10 15 15 15 15 5 15 5 10 10 15
11 10 10 20 10 10 15 10 10 20 20 10
28 15 5 5 20 20 5 10 15 20 20 10 20 20 15 20 20 10 5 20 15 10 15 5 15 10 15 20 10
23 20 5 15 10 5 15 15 15 20 15 5 20 15 20 20 15 10 10 15 10 20 5 15
10 15 20 10 20 20 10 20 15 5 5
30 10 10 10 5 5 5 20 15 20 15 5 20 15 15 10 15 5 10 5 20 15 20 10 15 15 10 15 10 10 10
22 15 5 5 10 5 10 20 15 5 15 10 10 5 20 15 10 15 20 20 20 20 15
34 15 20 10 5 5 10 20 5 10 10 10 15 15 5 15 10 5 10 10 5 20 20 15 10 5 15 10 15 10 5 5 10 5 5
33 20 20 20 15 10 5 5 15 20 10 5 5 15 15 15 5 5 10 20 5 20 15 10 20 20 10 5 15 10 10 10 20 20
25 15 5 10 15 5 5 20 5 15 10 10 20 15 20 10 20 15 5 10 20 5 15 10 20 10
33 10 10 15 15 5 5 20 5 20 10 20 5 5 5 20 5 5 20 5 5 15 15 15 20 20 15 15 10 15 5 20 5 5
15 5 10 20 10 10 5 15 5 20 5 15 20 5 20 15
25 20 20 15 5 15 15 20 15 20 15 10 15 5 15 20 20 20 10 15 5 10 5 20 10 20
20 5 10 20 15 20 20 15 20 20 5 15 20 15 20 15 10 10 10 10 5
6 20 20 20 20 20 10
25 5 10 5 10 5 10 20 5 5 5 10 15 10 20 20 10 10 10 20 20 15 20 5 15 5
21 15 20 10 5 15 10 5 10 20 10 10 15 10 5 15 15 10 10 20 5 15
9 15 5 15 15 10 15 10 15 10
35 5 20 20 15 5 20 15 15 10 20 10 15 15 5 5 20 20 15 10 15 5 5 5 10 15 15 10 10 15 5 5 15 5 20 15
18 5 20 20 20 10 20 5 5 10 15 20 15 20 10 20 20 20 15
0
21 20 20 20 5 20 5 15 10 10 5 10 10 15 15 5 15 5 10 15 5 5
10 5 20 15 20 5 20 20 5 5 5
12 5 15 5 15 5 10 5 20 5 5 10 15
19 15 5 10 5 10 20 10 15 20 20 20 10 15 15 5 10 10 15 20
15 15 15 15 15 10 15 15 5 10 20 15 20 20 20 10
22 5 15 20 5 20 15 20 20 10 15 5 5 20 20 20 10 10 15 10 15 5 10
15 20 5 15 15 10 5 5 15 20 15 20 5 15 15 10
37 20 15 20 15 10 5 10 5 15 5 15 5 10 5 20 10 15 5 10 15 10 20 5 5 10 15 10 15 10 15 15 20 10 20 20 20 5
25 5 5 15 20 15 15 5 5 10 5 20 5 20 20 10 5 20 5 15 15 10 20 15 20 5
38 15 10 20 15 15 15 10 10 15 5 10 10 20 15 10 10 20 20 10 20 15 20 20 5 10 20 5 10 15 15 15 15 20 20 10 15 5 15
38 15 10 10 20 10 10 10 15 15 20 10 5 5 5 20 5 15 15 15 10 10 15 10 20 20 15 10 10 20 5 10 15 5 20 5 20 20 5
20 20 15 15 20 5 20 10 5 15 20 5 15 5 10 15 15 10 15 20 5
36 5 10 10 10 5 10 15 10 5 10 20 20 5 5 15 10 20 20 10 5 5 5 5 15 10 10 20 10 5 15 5 20 10 10 10 10
17 20 5 10 15 15 5 10 10 5 20 5 10 5 10 10 15 10
27 5 15 5 20 10 20 10 5 20 10 10 15 5 10 20 20 5 20 5 10 20 10 5 5 20 5 10
20 15 20 20 15 5 5 15 5 5 15 15 5 5 10 15 5 5 15 20 5
24 5 15 15 10 15 10 5 15 15 20 10 20 15 5 10 20 5 20 15 5 15 10 10 10
37 20 20 15 10 10 5 10 10 20 15 20 20 20 15 20 20 15 5 15 5 5 20 20 15 20 15 5 10 20 20 10 5 20 20 10 20 15
37 15 15 5 10 10 5 5 20 20 20 20 20 5 10 5 20 20 20 5 10 10 10 15 5 15 15 5 15 15 5 15 20 15 5 10 20 5
0
15 15 20 5 20 20 5 20 5 15 20 10 20 10 10 20
6 5 5 5 10 5 10
20 20 5 20 10 5 15 5 20 10 20 10 15 10 15 15 15 5 10 20 5
11 15 10 5 10 20 15 20 15 5 20 5
6 5 10 15 15 10 10
36 5 10 10 15 15 10 5 10 20 5 10 15 15 5 15 20 15 15 15 15 20 5 15 10 15 20 10 20 15 10 15 5 20 5 20 10
9 5 15 5 15 5 10 15 15 15
38 20 10 10 15 15 10 15 15 20 5 20 10 5 15 5 10 5 20 20 15 15 15 10 15 20 5 5 5 20 5 10 10 20 10 15 15 20 5
15 5 20 15 15 15 10 15 5 10 5 10 10 10 5 20
28 20 20 10 5 15 15 15 5 10 10 20 20 5 20 20 15 10 15 5 15 5 15 20 20 15 15 5 5
35 15 10 5 15 20 15 20 20 5 15 15 5 15 20 15 10 15 10 10 20 10 15 5 5 5 20 20 15 20 20 15 15 20 5 20
6 10 10 10 15 15 5
18 20 15 15 15 10 5 5 20 5 15 15 20 5 10 5 15 5 10
37 10 10 20 20 15 10 15 15 15 15 10 15 15 10 15 15 10 20 15 20 20 5 5 5 20 20 20 20 15 15 20 15 5 15 10 5 5
3 15 15 20
29 15 5 5 10 15 20 15 20 10 15 20 15 10 20 10 10 10 10 5 15 20 15 10 20 5 20 20 20 15
2 20 5
4 10 20 5 20
24 5 5 20 20 20 15 5 15 5 5 15 15 15 10 5 15 5 20 15 5 20 20 5 5
20 15 15 20 10 15 15 15 10 20 5 10 15 10 15 5 15 10 15 10 10
5 20 5 5 10 20
38 15 15 10 20 5 20 20 10 10 20 20 10 5 15 15 5 5 15 15 5 10 20 10 15 15 15 15 20 20 20 10 20 15 20 20 15 5 5
34 5 5 5 15 20 15 15 10 5 20 20 15 20 5 5 10 10 20 15 20 10 15 15 15 10 10 15 5 20 5 5 10 20 15
25 5 5 15 10 5 15 5 5 15 15 10 20 5 20 15 5 10 5 10 10 20 5 5 5 20
1 15
14 10 15 20 15 20 15 15 20 20 5 20 20 5 15
1 15
