122 38
31 5 5 20 15 10 10 20 20 20 10 10 10 20 5 5 10 5 15 5 15 20 20 20 20 20 10 15 5 5 10 20
37 20 15 20 20 15 20 10 15 5 15 10 15 5 10 15 15 5 5 20 20 5 15 5 20 10 5 15 20 20 5 5 5 20 15 15 10 5
38 5 5 5 10 20 15 15 10 5 15 15 15 10 20 20 20 20 5 15 20 10 15 20 15 15 15 5 20 15 5 20 10 5 15 20 15 15 15
38 5 5 15 15 20 15 15 10 15 10 15 15 15 15 20 5 5 10 15 10 15 10 15 10 20 5 5 15 15 10 20 10 5 15 10 20 15 10
38 10 15 10 15 15 5 15 10 20 15 15 20 15 20 15 20 20 5 20 10 10 5 20 20 10 5 20 15 15 10 5 15 5 10 5 5 10 20
38 5 20 5 10 15 10 5 20 5 5 15 10 15 20 5 15 10 10 5 5 10 10 15 10 5 20 20 5 15 10 15 20 5 20 15 5 5 10
38 5 5 20 5 5 20 15 10 15 5 15 20 20 15 15 15 10 15 20 5 10 5 20 5 10 5 15 20 20 5 20 5 15 20 15 20 20 20
38 10 15 5 20 10 20 10 5 15 15 15 5 20 5 20 5 15 5 5 20 10 10 20 5 5 5 20 10 5 15 5 5 5 20 15 15 5 5
38 5 5 5 15 10 5 10 10 10 20 20 15 15 20 15 20 5 20 10 20 10 20 20 10 20 10 10 5 20 20 20 10 10 15 10 10 15 10
38 20 15 10 15 5 15 20 20 10 10 15 10 15 20 10 20 20 10 20 5 20 5 20 5 20 10 10 5 10 15 10 10 15 10 10 5 15 10
38 10 20 5 5 5 5 15 15 5 15 20 15 5 5 15 15 20 20 20 5 10 20 20 10 15 5 15 5 20 5 20 15 5 15 15 20 15 15
38 5 20 15 5 15 10 10 10 15 20 5 5 10 15 20 15 10 20 20 15 10 5 5 10 20 15 5 15 15 20 5 10 5 20 15 10 15 15
38 5 15 20 5 10 15 5 5 5 10 10 20 20 10 10 20 10 10 10 10 15 15 15 5 20 20 20 15 15 20 15 20 5 10 5 5 10 20
38 10 10 10 5 20 5 15 10 10 20 5 5 5 15 10 5 20 5 15 15 15 15 10 5 5 5 15 10 5 10 20 10 20 15 5 5 20 5
38 20 20 20 5 20 10 20 15 5 20 20 20 20 10 20 5 15 15 15 20 15 20 10 5 10 15 15 10 20 10 10 10 5 10 20 10 5 10
38 20 20 10 5 5 20 20 15 20 5 5 10 20 5 20 20 5 10 10 5 20 20 10 10 15 5 15 5 5 15 15 20 15 20 10 15 5 15
38 5 5 20 5 5 5 5 5 5 10 5 20 5 10 15 10 20 15 20 15 5 20 15 20 5 15 10 20 5 20 15 20 10 20 15 10 15 20
38 20 20 15 15 10 20 20 5 10 10 5 20 5 5 15 10 5 5 20 20 15 15 5 5 10 20 5 15 15 5 20 5 10 10 5 10 10 5
38 15 10 10 20 15 10 20 10 5 5 5 5 5 10 15 5 5 20 20 10 5 20 15 20 20 5 15 20 20 10 5 5 20 15 5 15 15 10
38 15 20 5 10 10 15 5 15 10 20 20 5 15 10 15 10 10 10 20 20 15 10 20 20 20 20 5 15 5 10 5 5 10 15 5 20 5 10
38 20 20 5 15 20 10 15 10 5 20 15 20 20 5 10 10 20 15 20 15 10 20 15 20 20 10 15 15 15 5 20 15 15 15 10 5 5 10
38 5 10 5 5 10 20 15 15 5 20 10 10 5 15 20 15 5 5 20 15 15 10 20 20 15 15 5 5 20 5 10 10 10 20 15 10 15 5
38 5 20 5 20 20 20 15 10 15 10 5 10 5 20 15 20 20 15 15 20 15 10 15 10 5 20 20 10 20 15 5 15 5 20 10 15 15 5
38 15 5 20 20 10 15 15 10 20 20 15 5 15 10 5 15 15 20 15 5 10 20 15 20 5 20 10 10 5 5 5 5 15 5 20 15 20 20
38 5 10 10 20 10 10 10 10 20 20 5 10 20 5 10 10 15 10 10 10 5 10 10 20 5 20 20 10 5 15 5 10 5 10 15 10 20 15
38 10 5 15 10 20 10 5 15 20 5 15 20 5 15 20 20 20 15 20 10 20 20 10 15 10 15 10 15 15 10 10 5 5 20 10 5 5 10
38 15 15 5 20 20 15 10 10 15 20 15 15 15 15 15 15 15 15 10 5 10 15 10 15 20 15 20 10 20 15 10 20 5 5 20 20 15 5
38 20 10 5 15 10 5 20 5 20 20 15 5 15 15 15 20 20 15 5 20 10 15 10 5 15 5 5 10 5 10 15 20 15 10 5 5 15 20
38 20 15 5 20 10 20 10 15 15 10 5 10 5 20 5 15 20 5 20 10 20 15 10 20 10 20 15 20 15 5 5 5 20 15 5 5 15 20
38 15 20 10 15 10 20 5 5 5 10 5 10 10 20 20 15 15 20 10 10 15 15 10 15 15 15 10 20 5 20 15 10 20 10 10 5 20 5
38 10 15 10 5 15 20 10 20 5 10 20 15 20 10 10 15 15 15 15 5 15 5 10 10 15 20 10 10 10 20 10 10 15 10 10 20 20 10
38 15 5 5 20 20 5 10 15 20 20 10 20 20 15 20 20 10 5 20 15 10 15 5 15 10 15 20 10 20 15 20 5 15 10 5 15 15 15
38 5 20 15 20 20 15 10 10 15 10 20 5 15 10 15 20 10 20 20 10 20 15 5 5 20 10 10 10 5 5 5 20 15 20 15 5 20 15
38 15 5 10 5 20 15 20 10 15 15 10 15 10 10 10 15 15 15 5 5 10 5 10 20 15 5 15 10 10 5 20 15 10 15 20 20 20 20
38 15 20 10 5 5 10 20 5 10 10 10 15 15 5 15 10 5 10 10 5 20 20 15 10 5 15 10 15 10 5 5 10 5 5 5 20 20 20
38 5 5 15 20 10 5 5 15 15 15 5 5 10 20 5 20 15 10 20 20 10 5 15 10 10 10 20 20 5 20 15 5 10 15 5 5 20 5
38 10 10 20 15 20 10 20 15 5 10 20 5 15 10 20 10 15 10 10 15 15 5 5 20 5 20 10 20 5 5 5 20 5 5 20 5 5 15
38 20 20 15 15 10 15 5 20 5 5 10 10 5 10 20 10 10 5 15 5 20 5 15 20 5 20 15 20 20 20 15 5 15 15 20 15 20 15
38 5 15 20 20 20 10 15 5 10 5 20 10 20 10 15 5 10 20 15 20 20 15 20 20 5 15 20 15 20 15 10 10 10 10 5 20 5 20
38 20 20 10 20 20 5 10 5 10 5 10 20 5 5 5 10 15 10 20 20 10 10 10 20 20 15 20 5 15 5 15 15 20 10 5 15 10 5
38 10 10 15 10 5 15 15 10 10 20 5 15 10 10 15 5 15 15 10 15 10 15 10 10 5 20 20 15 5 20 15 15 10 20 10 15 15 5
38 20 15 10 15 5 5 5 10 15 15 10 10 15 5 5 15 5 20 15 15 5 20 20 20 10 20 5 5 10 15 20 15 20 10 20 20 20 15
38 15 20 20 20 5 20 5 15 10 10 5 10 10 15 15 5 15 5 10 15 5 5 20 10 5 20 15 20 5 20 20 5 5 5 5 10 5 15
38 5 10 5 20 5 5 10 15 20 15 15 5 10 5 10 20 10 15 20 20 20 10 15 15 5 10 10 15 20 20 10 15 15 15 15 10 15 15
38 20 15 20 20 20 10 5 15 5 15 20 5 20 15 20 20 10 15 5 5 20 20 20 10 10 15 10 15 5 10 10 10 20 5 15 15 10 5
38 20 15 20 5 15 15 10 20 20 15 20 15 10 5 10 5 15 5 15 5 10 5 20 10 15 5 10 15 10 20 5 5 10 15 10 15 10 15
38 10 20 20 20 5 20 20 5 5 15 20 15 15 5 5 10 5 20 5 20 20 10 5 20 5 15 15 10 20 15 20 5 10 15 10 20 15 15
38 10 15 5 10 10 20 15 10 10 20 20 10 20 15 20 20 5 10 20 5 10 15 15 15 15 20 20 10 15 5 15 15 15 10 10 20 10 10
38 15 15 20 10 5 5 5 20 5 15 15 15 10 10 15 10 20 20 15 10 10 20 5 10 15 5 20 5 20 20 5 20 15 20 15 15 20 5
38 5 15 20 5 15 5 10 15 15 10 15 20 5 5 5 10 10 10 5 10 15 10 5 10 20 20 5 5 15 10 20 20 10 5 5 5 5 15
38 20 10 5 15 5 20 10 10 10 10 20 15 20 5 10 15 15 5 10 10 5 20 5 10 5 10 10 15 10 20 5 15 5 20 10 20 10 5
38 10 15 5 10 20 20 5 20 5 10 20 10 5 5 20 5 10 10 15 15 20 20 15 5 5 15 5 5 15 15 5 5 10 15 5 5 15 20
38 20 5 15 15 10 15 10 5 15 15 20 10 20 15 5 10 20 5 20 15 5 15 10 10 10 20 20 15 10 10 5 10 10 20 15 20 20 20
38 20 20 15 5 15 5 5 20 20 15 20 15 5 10 20 20 10 5 20 20 10 20 15 5 15 15 5 10 10 5 5 20 20 20 20 20 5 10
38 20 20 5 10 10 10 15 5 15 15 5 15 15 5 15 20 15 5 10 20 5 15 5 5 10 15 20 5 20 20 5 20 5 15 20 10 20 10
38 5 5 5 5 10 5 10 15 15 20 5 20 10 5 15 5 20 10 20 10 15 10 15 15 15 5 10 20 5 15 10 15 10 5 10 20 15 20
38 5 20 5 10 5 5 10 15 15 10 10 10 5 10 10 15 15 10 5 10 20 5 10 15 15 5 15 20 15 15 15 15 20 5 15 10 15 20
38 15 10 15 5 20 5 20 10 15 10 5 15 5 15 5 10 15 15 15 10 20 10 10 15 15 10 15 15 20 5 20 10 5 15 5 10 5 20
38 15 15 10 15 20 5 5 5 20 5 10 10 20 10 15 15 20 5 20 10 5 20 15 15 15 10 15 5 10 5 10 10 10 5 20 5 20 20
38 10 5 15 15 15 5 10 10 20 20 5 20 20 15 10 15 5 15 5 15 20 20 15 15 5 5 15 10 5 15 20 15 20 20 5 15 15 5
38 15 10 15 10 10 20 10 15 5 5 5 20 20 15 20 20 15 15 20 5 20 5 10 10 10 15 15 5 10 15 20 15 15 15 10 5 5 20
38 15 20 5 10 5 15 5 10 10 10 10 20 20 15 10 15 15 15 15 10 15 15 10 15 15 10 20 15 20 20 5 5 5 20 20 20 20 15
38 15 5 15 10 5 5 5 5 15 15 20 20 15 5 5 10 15 20 15 20 10 15 20 15 10 20 10 10 10 10 5 15 20 15 10 20 5 20
38 15 10 5 20 5 15 5 10 20 5 20 10 20 5 5 20 20 20 15 5 15 5 5 15 15 15 10 5 15 5 20 15 5 20 20 5 5 15
38 15 20 10 15 15 15 10 20 5 10 15 10 15 5 15 10 15 10 10 5 5 20 5 5 10 20 20 15 15 10 20 5 20 20 10 10 20 20
38 15 15 5 5 15 15 5 10 20 10 15 15 15 15 20 20 20 10 20 15 20 20 15 5 5 20 5 5 5 15 20 15 15 10 5 20 20 15
38 5 10 10 20 15 20 10 15 15 15 10 10 15 5 20 5 5 10 20 15 10 20 5 5 15 10 5 15 5 5 15 15 10 20 5 20 15 5
38 10 10 20 5 5 5 20 20 5 15 20 10 10 15 20 15 20 15 15 20 20 5 20 20 5 15 10 5 15 10 10 5 15 10 20 10 15 5
38 15 10 5 15 20 10 20 5 20 10 15 20 5 20 20 15 15 20 10 15 5 10 5 5 5 10 20 5 10 10 10 10 15 5 10 15 15 10
38 5 5 10 15 20 15 15 20 5 5 15 5 20 20 5 10 10 10 10 15 15 5 5 10 20 10 20 5 5 15 10 20 15 5 10 15 20 20
38 10 10 20 10 20 5 20 15 10 10 10 20 10 5 10 10 20 15 15 15 15 10 5 15 10 15 15 20 20 15 10 20 20 10 15 10 15 5
38 15 20 5 5 10 10 15 10 10 5 15 15 10 5 20 10 5 15 15 15 10 20 15 15 10 10 15 5 10 20 15 15 20 20 20 15 15 10
38 20 15 20 5 10 20 5 5 10 15 10 10 15 10 15 10 15 15 15 5 15 10 20 15 15 5 20 20 20 15 5 10 5 20 10 20 20 15
38 5 10 15 5 20 20 15 10 10 5 15 20 5 20 15 5 10 10 5 20 5 15 15 15 10 15 5 10 10 10 20 20 5 10 15 20 5 20
38 10 10 15 10 5 5 10 15 5 5 15 20 5 10 10 10 15 10 20 15 10 10 10 5 5 20 10 5 20 10 10 20 10 5 15 20 5 5
38 5 10 15 5 15 5 5 20 20 5 10 20 5 10 20 5 20 5 10 15 15 10 15 20 15 15 20 5 20 20 20 20 20 15 5 15 10 20
38 20 15 15 20 15 20 20 5 5 5 10 15 20 10 5 10 10 10 5 10 15 10 5 20 10 5 5 10 10 10 10 15 15 5 5 5 15 10
38 10 15 20 15 20 20 5 10 20 5 10 5 10 20 10 5 5 20 20 5 15 20 5 20 5 10 20 5 10 20 15 10 5 20 20 5 15 15
38 15 20 15 20 5 5 10 20 10 20 20 5 20 10 15 5 20 15 20 15 5 15 15 15 15 20 15 5 20 10 20 5 5 20 15 10 15 5
38 20 5 15 20 15 5 10 15 15 5 5 15 10 15 5 15 10 10 10 5 20 5 5 15 5 5 5 15 15 20 20 5 10 15 20 20 10 15
38 10 20 20 5 15 20 20 20 5 10 20 20 15 20 15 15 15 10 15 10 10 10 20 5 15 10 15 5 10 5 5 5 20 15 15 10 15 15
38 10 10 15 5 10 20 15 5 20 20 15 5 20 20 10 5 20 10 20 20 15 5 10 15 5 15 10 20 10 5 15 10 10 15 20 15 5 5
38 20 10 10 5 10 10 20 10 20 15 5 5 5 10 15 10 5 10 5 20 10 10 15 20 5 5 5 10 5 5 20 10 15 5 20 20 5 15
38 5 5 15 5 15 5 15 10 10 15 15 10 20 15 15 15 20 10 5 10 20 5 10 15 5 10 10 5 10 15 5 10 10 15 20 5 20 20
38 15 5 20 15 15 5 10 20 5 5 5 15 20 15 20 10 5 5 5 10 5 15 10 5 20 5 15 20 20 20 15 5 20 15 10 5 5 5
38 10 10 15 15 15 10 15 20 15 5 20 10 15 5 15 20 10 15 20 10 20 10 5 15 20 10 5 20 5 10 20 5 20 5 5 5 15 10
38 15 20 20 20 5 5 5 10 20 15 10 20 15 10 5 10 15 10 5 5 10 5 10 15 20 10 15 15 5 15 15 10 5 20 20 20 20 5
38 15 5 10 20 5 15 5 20 15 15 15 15 20 5 20 15 15 10 5 15 15 10 15 10 10 20 5 15 5 20 15 20 15 15 20 20 20 20
38 10 5 20 10 20 10 10 10 10 20 5 5 20 20 5 15 10 20 10 20 15 15 10 15 10 5 15 15 5 10 15 15 15 20 10 5 10 20
38 5 10 20 20 5 20 20 20 10 10 10 15 10 15 15 10 5 15 15 10 10 5 5 15 15 15 10 10 5 15 15 20 20 15 10 5 15 5
38 15 15 5 20 20 15 15 10 20 10 20 10 10 15 20 15 20 5 10 15 5 20 15 15 10 10 15 5 15 5 20 15 10 15 10 5 10 20
38 5 20 15 20 20 10 15 5 15 10 5 10 15 10 10 5 20 10 5 5 15 10 5 20 5 5 10 15 15 10 20 15 5 15 15 10 10 10
38 20 20 10 5 10 20 5 20 10 20 15 10 5 10 20 5 10 15 5 15 10 10 5 5 15 20 15 20 20 20 20 15 15 10 10 5 20 10
38 15 20 5 15 15 5 10 15 10 20 15 15 5 10 10 5 20 5 10 5 15 5 15 10 5 15 15 10 10 20 5 20 15 10 20 5 20 5
38 10 15 15 5 10 5 15 5 20 20 10 15 20 15 10 5 10 5 5 15 15 10 15 20 20 10 5 15 20 10 5 20 10 5 20 15 20 5
38 20 20 10 5 5 5 10 10 15 15 10 15 15 15 20 10 15 10 5 20 5 5 5 10 15 10 10 15 5 20 5 5 5 15 10 15 10 10
38 10 10 10 15 15 15 5 10 15 10 15 15 5 10 5 10 20 20 20 5 20 10 15 5 10 15 20 15 15 15 15 20 15 5 5 10 15 10
38 20 10 10 10 5 15 10 15 15 15 10 10 5 5 15 20 5 20 10 5 5 15 10 20 5 20 5 15 5 10 5 20 5 20 10 10 20 10
38 5 20 10 5 20 10 20 15 20 5 15 15 10 20 5 15 5 10 20 20 20 15 15 15 15 5 5 20 20 20 5 15 20 10 20 20 20 10
38 5 20 5 20 15 15 10 5 20 5 20 20 15 5 10 20 10 20 10 15 10 10 20 15 10 15 20 20 5 15 10 20 10 5 20 20 5 10
38 5 5 15 15 5 20 10 10 15 5 15 15 5 15 10 5 20 10 10 15 10 5 10 5 10 15 10 5 15 15 15 10 20 15 5 20 20 15
38 5 20 10 20 20 10 15 5 5 5 15 20 20 15 10 10 15 15 20 10 5 10 20 5 10 5 5 10 5 10 20 15 20 20 5 20 15 20
38 15 5 15 20 5 5 20 20 10 15 20 15 5 15 5 20 10 10 20 20 10 15 20 10 15 10 15 10 15 5 15 5 10 20 20 10 10 15
38 10 5 5 10 15 15 15 15 15 5 15 5 10 20 15 20 10 5 5 5 20 20 20 5 20 5 10 5 15 5 15 20 15 15 5 10 20 20
38 15 15 10 10 15 15 10 10 10 10 20 5 20 20 20 10 15 15 10 10 20 15 10 5 15 10 10 10 10 5 10 5 5 10 20 15 15 15
38 10 20 20 15 20 15 15 15 15 10 10 5 5 10 20 5 20 15 10 15 5 15 10 15 15 5 15 10 15 5 15 20 15 20 15 5 5 20
38 10 5 15 15 10 20 10 5 10 10 20 15 10 10 20 15 5 15 20 5 15 5 5 5 15 20 20 20 5 15 5 15 5 5 15 5 20 5
38 5 20 5 15 20 20 15 20 10 15 20 20 15 15 20 10 10 10 5 20 10 10 15 10 5 20 10 5 20 5 20 10 5 15 5 5 10 10
38 20 10 20 15 20 5 5 5 20 10 20 10 10 10 20 15 20 10 20 5 15 10 10 5 15 20 5 10 10 5 15 15 15 15 15 5 10 10
38 15 5 5 20 5 5 20 20 5 20 20 5 10 10 20 10 15 15 20 15 10 15 10 5 5 20 5 15 20 5 5 10 10 20 20 5 15 20
38 15 15 15 5 15 5 10 15 10 15 15 10 20 5 15 5 15 15 5 20 5 20 15 20 15 20 15 15 20 20 15 10 20 15 15 10 10 10
38 15 20 15 5 10 5 20 10 5 5 20 20 5 10 15 20 10 5 15 15 10 15 20 15 5 15 10 10 20 15 20 15 15 20 10 5 15 20
38 15 10 10 15 15 10 10 5 15 10 10 10 10 15 5 10 5 5 10 20 10 15 20 5 5 5 20 20 20 15 15 20 20 10 10 5 5 5
38 10 5 15 5 10 5 10 15 5 20 10 15 5 20 15 10 5 15 15 20 20 15 5 5 15 10 20 20 15 5 10 20 20 5 10 15 10 5
38 10 15 20 5 10 10 15 10 10 20 15 10 5 20 15 10 20 20 15 10 5 15 15 5 10 15 5 20 10 10 15 20 20 10 5 5 20 5
38 5 15 20 20 10 5 5 15 15 20 10 20 15 15 5 15 10 15 5 20 20 15 5 20 20 10 10 20 15 10 15 15 15 20 5 10 20 5
38 10 20 15 5 5 20 20 10 20 10 5 15 15 10 15 20 5 15 10 5 5 10 20 15 15 20 10 20 10 5 20 5 20 15 20 5 10 20
38 15 5 5 10 10 10 15 20 5 5 5 20 10 15 20 20 10 10 10 5 10 5 10 10 10 5 10 20 10 5 5 5 15 15 20 20 15 15
38 15 10 10 15 5 15 15 5 15 10 20 15 20 10 20 15 15 20 5 20 10 10 20 10 15 15 15 20 20 15 10 15 5 5 15 20 20 15
38 10 5 5 10 10 20 20 5 10 15 5 15 10 20 15 10 5 10 10 5 15 5 15 15 10 15 5 10 10 5 15 20 15 15 20 20 15 20
38 15 10 20 5 10 10 15 20 15 10 5 10 20 15 15 10 5 10 15 20 10 10 10 10 10 5 5 5 20 15 10 5 20 20 20 15 20 10
38 15 5 15 15 15 5 20 5 15 5 10 5 15 15 15 20 15 15 10 10 15 15 10 5 10 5 5 20 5 10 15 10 5 5 10 5 10 10
