1000
131 380 184
408 354 483
431 379 334
473 272 15
431 239 398
483 128 333
27 462 81
58 191 241
445 127 195
279 53 294
128 7 375
111 209 144
94 470 445
393 200 82
391 409 37
72 317 317
228 65 68
1 498 447
3 108 397
111 492 85
447 86 149
161 493 102
277 449 348
321 105 94
482 496 354
101 495 495
458 197 153
12 185 213
85 480 75
136 34 170
155 419 309
301 2 306
348 363 174
34 159 182
420 157 247
357 162 95
247 242 361
91 30 132
500 481 12
487 384 184
433 207 10
282 404 215
188 193 297
431 5 232
24 363 93
320 490 489
101 61 387
126 476 420
483 237 177
263 182 458
269 129 398
237 56 302
384 400 409
189 441 152
19 222 485
47 107 175
263 313 186
471 76 175
142 474 360
280 48 160
352 163 157
91 409 41
321 77 370
353 159 248
83 369 25
42 308 274
473 208 17
122 380 305
177 424 129
234 334 216
75 29 470
327 17 411
253 172 430
107 67 375
289 487 68
323 460 404
212 55 87
223 191 77
31 433 216
151 73 233
473 318 437
87 500 268
233 492 250
353 374 163
246 141 150
241 207 462
76 58 194
421 273 492
92 322 480
256 445 174
93 46 252
140 264 401
281 445 258
185 33 403
408 397 183
356 301 340
18 389 157
187 287 361
343 144 428
249 136 395
354 367 151
490 485 175
333 92 298
437 6 243
281 397 129
167 344 141
238 148 419
257 332 345
409 183 179
141 330 177
378 481 425
210 180 473
432 89 446
444 353 231
500 187 490
172 266 73
272 86 102
429 186 480
438 245 145
355 41 369
344 374 214
88 316 400
480 298 265
341 480 216
155 320 284
397 444 327
139 369 15
101 82 301
226 320 333
93 113 389
352 93 324
368 22 242
116 85 28
457 69 57
163 496 93
248 100 281
19 213 239
180 195 340
314 37 303
105 122 368
463 192 1
180 208 488
143 439 210
444 59 353
426 281 192
494 19 282
315 155 49
152 280 263
174 487 298
151 491 181
420 67 215
210 417 289
329 276 190
240 73 81
306 196 289
245 491 102
496 69 312
47 180 421
458 339 1
196 56 167
290 470 315
277 73 167
323 449 457
289 193 220
222 116 253
150 246 498
363 195 197
493 438 468
82 306 305
134 380 155
255 129 213
11 164 484
158 252 476
147 74 245
13 63 338
319 492 228
126 151 21
401 70 424
201 7 246
273 287 141
125 479 243
401 19 126
251 138 433
80 370 147
151 253 312
244 266 331
443 310 451
381 459 61
9 390 65
154 145 274
363 173 315
152 375 272
14 238 180
185 350 382
417 303 68
19 2 130
284 234 352
470 56 455
352 280 98
8 220 399
414 219 305
295 353 363
489 324 333
247 440 467
431 198 244
201 350 437
369 101 461
152 239 425
389 34 156
429 2 356
399 222 299
147 332 400
242 467 160
74 85 245
356 282 456
255 499 170
276 79 218
300 278 416
25 36 376
118 137 420
44 406 33
340 483 14
171 370 220
36 208 360
250 26 64
432 63 113
315 331 423
488 57 365
459 69 150
362 471 225
77 94 313
95 212 411
83 35 319
110 23 285
56 339 195
382 37 144
30 293 295
61 381 205
450 320 69
6 222 47
162 351 308
251 251 181
481 336 192
469 29 71
358 151 78
292 324 348
259 149 467
483 285 282
318 113 135
33 283 121
131 427 385
146 265 500
69 414 121
443 191 233
378 200 92
68 366 10
336 175 44
294 342 19
47 443 64
260 305 233
123 200 449
237 246 494
166 56 408
272 16 278
372 197 28
435 78 484
488 220 349
407 115 384
60 43 499
467 341 252
421 109 72
360 320 193
182 428 121
149 171 477
315 362 179
408 198 194
70 371 426
184 332 152
412 324 222
493 437 186
265 19 304
294 111 379
93 203 33
50 19 17
96 104 101
21 251 456
480 247 339
390 179 1
219 241 154
456 479 318
472 220 166
239 237 52
99 80 335
82 37 192
445 198 445
451 241 78
283 131 57
143 420 83
385 147 345
121 17 247
459 17 177
474 386 189
162 481 31
353 12 345
234 242 435
485 80 61
403 343 167
150 233 346
123 374 84
18 103 366
13 295 119
337 41 317
206 467 499
362 187 349
160 95 240
186 145 35
375 368 240
84 398 124
90 345 107
482 23 331
312 221 372
500 139 4
237 32 232
399 349 211
87 24 18
281 428 429
266 290 180
482 49 367
37 122 461
412 252 48
480 242 28
350 125 330
26 255 204
401 31 25
131 427 209
229 157 328
27 449 20
487 498 100
92 357 261
328 207 97
273 120 44
475 161 405
56 45 278
472 83 307
39 439 374
110 320 9
226 277 184
250 217 293
394 193 268
321 68 372
7 468 388
158 353 230
457 424 115
284 60 72
160 248 45
400 396 135
420 207 161
68 67 275
42 242 126
357 44 409
220 496 296
342 126 142
32 253 359
128 25 361
103 408 147
452 192 454
51 37 216
394 161 195
386 394 285
1 459 147
335 482 389
68 295 15
227 74 419
353 336 401
489 10 373
25 360 219
138 55 416
413 196 288
67 165 34
157 87 71
135 255 347
166 147 18
33 278 392
379 286 15
15 63 26
497 67 424
183 224 441
133 487 488
314 9 119
271 220 65
186 104 170
184 7 84
300 318 424
84 373 49
138 272 311
88 323 364
74 229 392
481 223 407
220 61 171
163 229 469
117 237 306
223 88 227
25 393 343
480 83 273
243 497 252
306 1 54
65 417 436
215 351 27
107 1 17
466 296 121
247 361 452
182 202 238
111 104 142
421 103 156
288 265 183
392 385 403
124 188 181
415 128 417
340 431 466
436 32 317
254 206 179
74 74 426
123 251 196
20 49 87
204 51 386
368 145 461
472 103 408
409 387 166
245 350 241
442 274 320
47 410 102
193 353 6
54 263 310
301 318 95
417 200 12
163 348 14
313 160 263
197 257 244
280 361 354
205 231 404
418 297 474
479 355 286
344 32 275
76 409 214
186 491 304
11 348 395
268 106 146
147 40 14
45 397 183
313 298 442
389 482 366
212 158 496
476 8 141
476 367 121
37 20 386
46 344 493
490 154 460
180 353 411
430 478 379
311 313 288
107 248 265
48 459 62
123 176 500
403 279 217
202 497 2
344 200 194
92 385 335
271 461 107
467 347 315
165 198 166
56 432 353
456 284 353
367 192 128
455 52 109
151 157 409
138 409 319
40 460 487
86 40 324
212 393 95
116 336 33
292 290 321
426 328 450
280 373 209
214 119 218
248 271 306
464 126 155
215 144 44
310 456 495
170 96 216
16 77 60
152 289 285
309 289 95
223 98 167
305 53 331
403 354 170
374 40 32
488 249 71
428 266 491
38 164 97
436 240 331
197 475 462
118 458 357
316 431 409
245 431 52
1 100 345
81 58 48
172 78 189
316 390 54
295 389 226
377 166 418
395 412 94
366 458 474
282 490 298
321 446 495
446 53 188
53 417 34
101 106 166
192 89 235
457 349 381
392 43 126
207 483 279
239 193 3
61 306 493
192 68 351
2 254 196
493 176 484
381 37 252
390 481 370
365 152 9
60 415 246
182 385 378
101 471 176
196 73 149
464 256 329
357 393 404
46 295 57
152 209 173
483 435 33
266 222 26
113 216 122
139 342 369
38 75 139
496 50 284
245 222 93
278 433 198
439 479 126
48 232 183
67 416 43
3 419 393
73 185 416
9 11 129
288 235 490
197 445 265
41 28 498
112 100 499
412 227 7
242 266 44
490 143 307
489 430 352
241 261 12
28 82 202
395 399 257
223 441 304
482 463 339
331 317 326
301 19 111
13 216 395
371 212 416
448 422 423
222 469 460
194 8 418
388 86 457
174 76 156
400 98 217
428 498 40
190 111 202
216 98 139
72 241 187
147 2 342
325 64 394
87 389 235
40 38 352
196 19 460
210 454 77
101 332 10
383 425 253
492 163 307
235 70 240
122 40 472
187 481 317
16 8 95
416 220 44
137 68 386
335 191 172
397 110 78
151 266 459
500 457 360
286 47 146
57 55 330
205 192 156
189 465 245
281 298 228
495 446 124
495 292 72
135 9 280
7 375 198
69 122 247
341 362 29
5 8 395
109 215 120
259 367 313
121 406 158
29 412 257
123 20 355
198 453 178
398 11 286
153 226 231
53 336 64
474 464 190
292 272 142
366 299 480
305 487 200
194 155 434
86 303 478
350 40 331
230 29 377
109 271 318
200 51 474
263 154 419
283 192 425
210 71 234
180 33 254
2 290 290
107 291 233
22 31 380
46 60 176
454 74 192
496 175 135
418 142 248
402 74 380
64 135 129
425 13 321
130 199 86
322 405 126
360 135 304
449 449 225
469 460 429
91 305 71
290 27 462
379 182 288
64 5 234
23 356 422
313 254 346
447 333 21
14 302 211
61 212 370
272 313 227
314 296 114
275 486 357
57 362 33
369 351 303
48 22 35
367 236 156
333 269 457
278 370 430
36 490 330
349 432 140
62 208 387
157 133 233
153 154 1
450 389 166
265 337 462
255 239 195
80 336 111
484 135 162
485 314 106
235 46 77
181 41 328
218 225 319
266 334 203
90 101 72
469 252 87
352 258 229
479 294 177
468 9 75
223 138 289
253 258 275
487 461 111
285 123 340
87 215 283
402 129 428
161 151 316
56 101 133
218 184 434
456 265 136
250 323 364
329 45 490
417 60 354
395 57 173
50 53 446
324 146 433
387 299 92
26 398 498
279 197 89
326 172 371
393 134 52
210 440 169
452 50 160
33 150 368
173 211 446
210 33 34
155 36 93
21 484 49
405 378 459
491 260 209
54 237 214
37 116 216
14 481 290
278 149 334
56 349 262
166 478 186
485 39 239
195 53 88
394 126 59
315 276 49
43 336 340
278 195 224
59 140 157
283 233 499
421 220 21
108 452 264
471 69 196
337 325 93
471 99 167
452 416 365
271 37 72
157 28 439
481 329 239
157 227 284
470 409 294
326 257 131
146 86 382
322 132 234
241 207 389
364 310 51
69 306 104
235 356 487
374 394 53
228 120 69
128 86 330
46 369 229
132 318 238
439 347 84
411 358 247
54 153 298
454 129 322
183 358 27
278 369 285
63 106 392
13 173 296
303 247 328
432 251 448
448 267 471
310 145 310
171 30 449
148 69 269
216 151 213
190 500 396
66 149 336
100 388 488
373 17 1
250 484 82
160 494 437
214 339 145
216 421 429
303 346 237
175 469 375
269 259 168
365 353 315
405 408 8
82 296 254
334 1 276
405 248 396
239 429 192
23 117 275
2 246 498
62 378 104
87 499 88
437 260 122
341 425 205
334 53 198
214 331 443
118 331 141
472 6 105
337 121 298
35 381 477
258 192 223
299 157 115
377 49 191
286 306 283
388 413 228
402 352 373
32 457 134
272 431 2
76 218 30
238 8 98
393 98 55
89 235 456
225 461 412
241 245 149
268 39 13
394 408 358
393 314 320
239 428 317
315 310 367
466 436 436
317 105 11
334 453 228
258 104 496
34 357 175
103 52 274
190 455 46
89 113 203
2 18 220
30 154 97
374 447 200
201 86 396
489 59 458
197 353 97
112 68 207
461 231 76
210 492 14
141 234 269
394 104 356
353 441 430
350 137 391
48 446 120
470 217 407
417 214 422
338 461 338
288 452 423
366 377 228
376 98 104
168 299 129
367 350 444
394 24 99
421 274 497
431 83 188
325 49 363
311 222 186
418 74 322
148 94 4
279 77 362
218 486 54
381 4 359
282 239 491
425 428 460
167 372 474
454 41 250
78 189 4
30 371 309
190 388 454
245 136 412
293 232 454
471 169 312
497 275 212
88 202 219
287 226 422
9 118 246
151 56 419
264 37 398
275 248 113
43 341 336
305 161 49
42 374 167
209 90 165
180 439 394
399 22 159
323 347 400
64 475 266
456 43 392
329 446 469
349 326 44
21 250 263
451 241 111
227 156 78
218 143 316
231 294 37
497 346 265
125 452 149
426 47 303
155 38 477
193 150 212
50 82 178
321 484 218
46 176 446
108 183 350
54 237 167
51 426 442
255 168 19
352 495 232
359 447 477
30 305 117
456 147 159
136 236 421
456 258 270
178 263 260
48 434 262
292 452 232
212 337 101
315 374 208
479 219 64
68 33 225
166 451 20
157 403 187
216 309 482
303 56 90
5 229 74
376 157 22
291 56 302
387 359 464
25 35 473
42 151 321
150 146 222
337 119 18
222 234 152
83 356 171
271 356 262
289 437 203
431 239 318
237 434 20
91 188 243
164 435 320
46 57 225
454 140 190
472 402 175
483 322 482
60 200 206
439 231 136
67 75 383
410 373 278
235 183 143
93 89 211
5 478 350
206 162 131
100 318 80
224 467 315
265 233 61
147 194 19
100 419 100
338 208 125
354 256 449
298 342 258
14 462 59
399 284 157
51 174 173
314 178 84
434 479 7
24 101 256
17 140 244
270 105 24
472 115 170
404 161 114
189 234 9
17 358 63
389 99 56
356 160 62
127 461 34
325 57 396
459 379 300
472 472 428
180 401 173
131 211 87
398 139 157
34 201 90
124 369 494
252 430 6
393 157 241
435 119 436
29 374 383
375 388 467
484 286 112
197 341 294
50 145 249
19 353 134
2 235 76
62 380 42
474 127 164
189 124 491
315 250 4
429 357 382
1 304 485
165 268 202
181 163 138
325 111 438
431 405 299
152 232 77
352 5 304
300 102 117
466 3 289
