561
94 64 422
144 155 221
435 9 352
256 190 488
157 220 305
428 141 492
276 11 223
7 381 224
183 492 472
233 180 409
110 344 371
24 211 239
432 330 426
82 135 68
48 342 493
154 243 354
142 443 39
416 192 221
404 324 179
21 280 493
397 10 142
342 444 116
21 445 231
173 124 136
88 26 461
417 86 351
400 382 242
293 484 106
454 243 9
366 488 105
287 457 373
257 54 329
369 346 370
311 495 456
305 145 21
66 336 284
341 326 67
106 415 98
19 212 301
314 319 485
359 86 353
113 87 347
118 248 394
471 346 82
260 338 217
110 478 171
188 335 213
76 262 345
477 305 431
65 320 372
164 483 322
219 452 72
239 419 77
282 405 170
163 153 259
28 323 166
174 99 316
332 8 258
105 434 80
101 493 328
360 300 76
66 159 254
232 109 352
12 225 201
372 193 50
1 70 418
481 433 318
77 180 126
207 43 27
449 53 379
50 403 30
229 358 409
41 314 232
138 55 154
465 282 403
224 460 329
191 227 404
9 92 335
306 315 452
405 383 397
247 396 145
215 170 15
290 288 43
485 380 404
47 480 490
280 128 265
124 151 263
433 248 252
389 489 170
401 242 385
43 235 64
149 127 9
31 381 420
381 353 130
287 455 46
112 362 88
287 409 197
129 104 380
477 194 299
312 465 171
69 146 458
495 189 272
119 66 499
332 151 359
342 241 299
109 200 390
288 255 184
334 262 461
479 118 337
28 309 114
73 219 429
488 148 340
472 85 78
161 457 448
486 58 394
313 55 108
225 258 282
99 397 373
372 157 9
444 329 457
194 328 359
256 21 209
471 414 42
252 411 55
323 460 312
236 206 443
215 352 408
495 288 401
200 410 478
97 279 368
246 73 247
434 271 186
88 41 451
404 353 55
208 373 77
135 239 252
251 216 35
455 175 281
130 27 495
312 421 486
85 486 52
366 118 338
118 236 12
474 230 210
401 83 180
106 317 402
416 191 198
437 338 477
308 265 296
383 437 390
177 12 276
246 350 102
131 82 196
129 395 19
114 288 89
271 188 20
43 164 471
280 467 51
43 415 289
203 423 304
112 194 423
430 157 490
325 218 104
489 37 497
257 183 301
354 469 454
484 44 420
179 202 294
42 308 41
415 124 160
438 83 66
407 314 337
10 130 66
149 430 232
92 452 412
60 292 345
397 217 498
298 399 207
447 108 154
410 413 223
21 298 77
485 38 204
296 432 381
387 483 282
30 120 227
170 396 305
190 476 22
374 225 418
156 479 492
9 219 209
208 130 353
432 52 325
211 458 166
189 63 184
236 338 369
78 22 293
382 97 18
260 73 420
286 27 308
106 192 6
473 353 317
16 150 183
277 357 197
438 38 235
415 368 8
402 437 56
243 246 403
131 112 240
16 497 298
354 370 361
191 94 471
276 82 410
264 33 474
163 234 488
473 426 12
246 122 48
143 229 497
86 75 96
371 52 109
49 391 241
197 263 154
92 139 303
499 119 48
70 177 229
400 209 369
111 455 220
327 27 191
472 163 134
259 82 481
488 421 162
131 237 280
303 406 347
405 154 483
304 151 475
374 488 90
133 381 280
173 428 339
103 183 406
223 437 2
130 420 178
281 124 312
448 415 413
145 28 170
252 444 74
489 8 441
231 1 254
419 450 150
262 140 268
226 158 343
401 65 459
118 487 322
108 500 271
101 303 130
176 463 181
105 390 269
48 111 147
160 230 346
281 486 133
124 363 86
477 310 64
321 348 363
25 355 481
112 280 25
301 194 89
375 442 10
430 334 313
413 152 343
425 141 278
172 282 101
166 346 281
285 325 231
354 160 292
272 231 73
12 92 210
170 246 469
487 407 378
489 17 474
332 206 200
475 120 350
112 300 143
444 235 114
320 147 228
140 343 70
377 39 350
166 122 259
159 343 467
184 4 26
121 183 490
98 458 225
86 253 30
361 437 137
336 365 328
81 42 172
33 386 301
333 212 109
97 32 33
149 289 395
48 60 164
220 353 383
177 229 321
38 239 444
36 17 313
29 494 159
202 284 304
364 471 340
298 457 64
461 458 157
431 239 167
58 296 495
17 500 204
90 257 20
11 421 86
160 297 296
491 96 244
463 230 152
264 47 35
220 420 61
314 359 422
260 226 29
400 10 119
302 134 346
204 445 91
48 195 216
342 383 2
406 131 252
105 391 117
147 286 448
337 500 130
183 481 230
490 102 292
74 149 431
14 184 343
229 486 231
377 13 229
462 176 243
360 433 51
156 448 158
62 310 59
219 453 432
175 197 415
61 330 265
443 97 303
253 459 124
308 269 191
375 357 321
31 370 399
78 228 135
314 139 45
496 460 345
159 148 362
137 472 143
194 306 146
398 270 68
322 167 405
175 306 460
463 342 24
70 309 307
253 215 392
104 213 489
314 239 434
3 23 182
410 33 481
249 213 207
478 178 252
152 278 45
476 249 142
215 11 67
241 146 85
297 437 314
478 422 238
243 44 365
254 241 78
90 376 287
248 76 260
406 445 147
78 342 203
221 225 106
140 441 110
346 65 467
108 139 180
228 126 155
285 19 358
380 397 324
116 261 373
309 30 377
493 330 394
144 229 302
383 393 199
47 426 67
287 77 347
358 53 341
112 170 248
49 311 244
404 167 434
190 211 207
20 114 144
7 297 93
191 214 114
228 270 277
202 104 177
238 96 118
65 5 386
390 7 104
91 29 343
121 362 126
163 116 15
373 122 373
269 416 67
449 179 307
461 98 53
400 471 67
99 18 52
2 48 301
497 310 37
275 42 290
401 399 119
331 354 193
440 160 350
415 290 59
229 299 36
113 52 163
53 187 453
205 204 161
142 48 431
433 482 32
432 463 189
467 70 312
463 443 59
440 371 262
152 214 24
290 473 168
117 304 129
353 64 450
115 376 317
350 380 396
162 486 207
165 281 489
497 401 363
422 452 451
33 141 194
410 279 78
461 158 282
302 428 186
71 251 440
32 244 40
369 386 340
243 413 208
194 30 403
166 375 152
354 273 237
404 263 102
14 26 313
57 249 472
51 331 127
262 409 47
465 66 30
75 133 404
108 194 370
311 133 338
303 138 42
430 327 476
466 367 241
470 228 373
120 460 415
397 450 412
408 81 411
239 224 237
250 297 84
38 40 365
352 286 8
223 200 344
349 351 92
434 399 292
29 45 146
382 132 438
420 479 386
23 197 16
457 472 412
19 141 108
237 12 310
305 366 155
441 288 96
268 301 20
232 419 142
256 79 75
317 24 120
83 257 260
49 386 150
283 412 205
37 31 107
94 157 206
242 16 27
302 203 33
8 195 2
151 488 480
138 213 193
395 248 76
174 433 72
149 427 115
181 416 405
55 416 36
488 427 94
73 57 156
322 147 449
98 83 342
416 209 477
184 440 118
319 49 270
400 240 406
362 345 39
291 44 213
405 284 278
490 329 212
33 5 223
210 347 45
206 314 179
465 440 468
374 61 342
43 456 89
181 467 242
99 300 155
437 172 245
187 203 70
454 416 462
456 61 182
332 1 345
344 498 57
358 191 350
99 134 464
276 247 322
412 398 488
361 65 478
207 405 431
96 58 365
484 310 221
295 33 16
458 3 399
109 390 461
348 197 149
133 119 482
183 97 176
339 390 279
479 463 464
358 358 222
262 309 322
178 35 236
326 11 385
407 222 432
498 148 382
2 75 292
441 355 378
465 452 12
8 281 256
176 245 374
437 321 256
305 262 91
192 387 478
162 268 333
434 397 438
291 160 409
206 493 158
