1000
3 12
8 22
21 15
18 14
14 15
20 4
5 20
9 6
8 20
18 15
3 13
22 25
21 18
0 17
15 11
19 21
13 8
3 13
13 17
21 19
4 1
16 15
22 8
24 10
19 23
14 11
20 12
11 19
5 2
5 9
15 4
19 9
3 4
17 24
23 23
15 19
5 17
9 19
24 13
16 24
2 15
5 15
0 14
12 24
1 18
10 19
13 6
2 11
1 23
22 2
17 19
14 1
10 25
16 16
2 14
10 7
6 2
9 25
14 18
10 5
22 23
15 13
14 24
9 9
6 16
22 17
16 25
1 23
18 4
19 20
10 16
3 17
2 15
15 5
9 16
22 12
4 8
23 10
19 11
8 12
9 14
4 22
25 23
17 8
9 9
12 8
10 20
12 8
13 6
14 6
11 23
11 4
20 4
3 10
4 18
19 14
3 6
1 21
16 12
9 18
7 15
0 3
17 11
10 17
2 20
20 25
17 6
18 7
14 18
10 18
11 7
15 19
19 2
17 24
9 7
19 21
2 3
4 16
17 12
25 17
4 12
19 12
7 15
2 14
9 19
20 24
18 16
15 23
19 3
3 5
0 17
13 22
2 11
0 6
7 21
13 13
9 7
1 10
11 20
10 5
11 3
12 18
5 5
15 3
6 2
5 5
5 25
8 13
10 20
1 12
7 9
19 20
17 6
0 19
5 3
25 19
4 23
5 12
13 18
1 19
11 21
25 13
14 22
24 8
13 5
14 1
12 20
13 23
9 24
22 16
0 11
9 25
1 6
25 3
25 7
13 1
7 23
17 18
9 5
24 11
15 8
25 16
12 24
9 2
21 9
24 7
6 14
17 1
23 13
23 22
16 14
5 17
15 5
10 6
4 23
24 13
14 18
11 22
7 11
25 13
17 9
16 14
12 23
17 8
19 9
3 8
7 9
18 5
14 12
17 19
11 10
3 11
13 24
14 25
20 20
14 6
23 15
15 17
1 8
16 23
19 8
8 20
3 2
22 7
0 20
7 4
18 21
7 9
21 6
10 3
24 3
9 8
25 2
22 6
7 19
22 4
12 17
2 9
4 8
6 7
25 22
14 19
8 12
0 15
12 23
16 8
25 20
15 16
17 10
15 21
15 20
4 8
13 4
18 9
22 17
13 4
0 9
13 10
24 23
2 2
11 13
12 23
18 16
17 21
2 12
14 25
23 17
21 5
13 8
16 10
22 6
11 10
17 2
5 18
18 1
14 12
13 16
20 25
7 6
22 24
6 7
18 6
14 6
7 15
1 25
24 25
16 1
10 18
19 7
16 23
14 19
7 4
11 15
18 12
17 17
9 10
9 12
18 10
17 3
18 16
5 23
5 6
6 22
11 10
7 15
21 21
18 24
1 3
4 10
18 6
15 9
17 13
19 20
0 23
15 9
18 2
3 24
17 23
11 15
7 18
11 19
10 13
24 5
8 21
22 18
22 21
7 10
5 8
15 22
4 12
25 3
11 4
8 11
18 20
5 22
13 2
13 16
22 12
13 17
25 10
18 5
6 18
2 9
19 3
16 3
16 3
0 25
15 7
5 16
18 7
7 4
15 18
9 1
14 9
15 10
18 7
4 4
20 23
3 16
8 6
24 9
17 19
14 25
12 2
12 21
9 9
11 19
7 1
7 9
1 6
9 2
16 17
15 7
8 20
14 21
17 14
13 2
16 18
16 10
22 12
25 10
13 8
8 23
10 12
12 9
11 5
1 14
24 20
15 22
5 10
7 5
8 13
23 5
6 12
18 22
12 6
3 3
7 3
15 19
16 4
1 21
25 7
7 20
16 9
1 2
10 18
20 19
8 2
13 2
25 2
6 13
21 6
23 23
14 24
13 18
2 10
24 9
0 18
1 1
12 1
7 20
13 15
9 20
24 3
6 24
23 14
2 16
17 4
0 2
9 18
24 1
0 13
1 10
16 22
1 16
11 7
8 7
22 12
5 22
22 8
8 22
12 24
24 20
13 10
10 5
13 1
25 9
9 12
8 1
22 7
21 17
16 15
22 19
8 7
17 8
3 9
16 21
0 17
13 9
8 13
21 20
4 11
5 8
14 24
2 20
17 7
5 20
8 2
2 19
0 15
7 24
8 13
10 16
0 24
2 22
18 22
7 13
2 13
10 14
5 20
24 16
12 12
22 1
2 17
2 23
14 24
1 6
11 3
5 18
5 14
24 16
21 15
5 10
7 23
8 21
19 7
20 17
0 3
8 25
4 10
8 7
1 7
1 1
23 5
18 9
25 12
13 7
15 12
18 25
22 20
9 20
1 23
14 24
19 14
15 17
22 23
22 15
22 15
25 21
20 19
23 1
1 7
3 5
3 21
19 12
24 9
19 21
10 21
13 7
5 24
7 11
15 22
8 9
13 7
1 12
13 21
17 4
22 14
15 20
17 12
9 14
21 24
5 4
6 14
2 18
16 24
15 4
0 5
0 19
18 16
6 13
6 6
5 15
5 11
11 13
3 6
4 5
7 10
22 20
13 2
16 19
17 5
9 12
15 25
6 19
25 23
19 19
10 7
25 23
3 22
24 12
6 22
4 13
4 23
6 24
0 12
16 19
0 18
7 24
18 17
20 22
25 6
14 2
15 21
24 11
0 11
14 20
4 18
8 17
6 17
18 24
2 8
17 13
23 9
1 22
17 9
5 21
25 6
12 5
8 18
20 21
5 5
12 5
15 12
8 4
10 6
14 23
16 23
9 8
15 24
23 22
11 21
18 8
10 5
15 21
9 2
14 16
5 18
4 18
1 14
23 19
24 9
7 16
4 25
17 11
17 15
11 16
6 8
8 18
16 24
8 18
22 1
4 18
1 2
0 21
9 7
6 20
3 12
7 3
13 3
7 22
12 15
19 15
15 12
4 2
2 6
0 16
1 14
5 23
24 14
14 22
7 8
2 22
23 8
4 18
7 7
10 10
4 7
13 24
17 16
4 25
18 13
15 1
4 20
12 5
21 22
1 25
22 1
1 6
19 7
21 8
24 21
1 7
15 19
6 3
1 4
14 21
7 7
14 2
11 13
3 15
17 5
22 7
10 10
23 4
16 25
20 20
7 12
12 7
21 4
22 4
20 20
9 21
2 24
2 15
8 18
1 16
24 19
1 2
6 13
22 24
11 13
9 24
2 23
2 12
16 5
0 16
12 13
12 16
16 7
22 11
1 5
5 3
20 4
3 5
17 14
25 7
19 25
11 19
8 24
5 18
9 25
13 5
22 7
0 9
18 11
19 25
18 12
21 10
19 17
0 14
14 21
11 5
23 25
18 15
25 14
19 16
5 17
13 24
0 5
21 3
2 15
1 9
3 21
9 23
13 10
11 19
0 5
20 10
8 12
20 19
19 17
0 24
19 20
19 19
15 4
11 21
11 14
2 15
6 23
14 14
5 4
22 10
21 10
12 25
9 5
17 20
8 16
6 16
13 22
15 1
13 17
20 17
1 14
13 19
25 17
0 24
21 16
12 5
14 24
8 10
5 1
9 17
17 7
14 15
9 9
5 4
5 22
6 1
0 1
15 11
20 24
22 22
11 11
16 9
4 3
5 22
21 14
3 7
21 22
12 13
6 9
4 5
16 21
21 8
14 1
0 23
19 20
8 12
21 6
15 19
7 22
6 5
6 22
14 21
12 18
20 8
2 16
16 24
1 18
8 17
9 21
2 25
24 8
23 12
6 25
0 4
10 11
12 23
11 10
6 10
23 15
4 16
9 21
1 8
9 22
9 18
0 5
1 10
10 12
23 2
8 9
18 14
3 18
5 12
7 6
10 15
17 13
25 4
9 23
9 5
6 19
8 13
15 21
21 25
17 24
15 21
11 21
11 25
8 8
11 4
6 1
13 14
24 11
18 9
24 6
12 21
14 1
10 16
16 8
0 20
10 24
25 2
4 5
7 11
25 11
20 24
23 9
24 13
4 15
16 12
10 22
20 17
10 12
14 11
14 20
7 23
18 5
20 23
1 17
9 16
5 14
19 7
0 12
24 5
2 23
23 23
9 14
22 20
11 25
20 18
11 7
18 10
3 16
13 24
4 15
12 6
1 4
20 14
16 14
2 8
18 22
25 21
2 22
16 9
23 10
5 6
22 5
11 15
1 20
10 6
22 1
14 7
18 20
20 4
7 25
22 21
4 14
23 14
20 25
23 16
21 5
3 9
6 16
1 10
18 2
12 20
17 23
12 19
2 7
11 23
2 23
17 5
0 11
9 21
18 14
17 14
14 18
20 17
24 21
12 10
2 18
10 3
7 6
24 7
12 21
20 20
0 23
11 23
15 21
12 12
18 3
6 21
22 3
9 12
10 10
8 24
9 21
24 24
10 1
18 21
2 20
7 10
2 11
22 9
10 18
20 11
16 4
4 7
10 2
24 10
15 17
15 18
14 1
20 6
13 13
14 1
9 1
5 4
17 11
11 24
3 6
20 10
4 1
7 25
2 16
5 4
10 21
19 15
23 1
320 125
954 153
371 125
174 653
6 125
145 594
776 564
44 232
63 232
380 125
536 368
310 232
233 232
373 232
901 978
3 232
806 917
421 125
912 125
278 125
794 558
130 917
109 125
288 206
397 859
232 125
942 772
493 232
992 575
669 679
872 232
38 422
838 996
413 325
203 125
846 698
17 232
577 232
447 460
247 963
93 232
735 581
319 125
124 273
727 956
234 494
893 125
982 133
972 688
89 125
297 125
867 710
981 232
797 125
7 73
873 307
136 125
643 675
1 232
152 232
62 754
679 971
866 125
704 232
416 125
107 232
150 845
520 125
940 421
464 125
608 631
355 232
728 489
21 232
194 644
767 232
663 563
308 232
289 885
73 125
734 17
275 125
112 107
452 125
637 273
630 232
656 232
590 232
685 232
479 228
0 125
889 637
829 579
997 127
994 485
967 802
688 232
832 232
506 133
449 481
932 232
931 125
987 232
49 125
674 125
596 232
744 261
350 601
80 232
172 125
456 850
957 232
671 146
714 232
364 125
740 125
362 125
597 203
148 998
458 877
235 125
883 92
196 125
784 232
220 365
346 232
607 353
606 538
863 30
70 232
253 570
69 125
707 125
834 470
226 125
65 92
504 162
884 232
855 125
741 232
272 125
376 232
542 232
732 232
909 232
803 232
307 117
540 232
412 464
328 125
405 232
318 617
989 125
448 232
158 125
745 656
123 335
61 232
95 752
923 125
171 232
625 125
584 401
86 232
915 866
907 181
541 615
273 125
300 26
105 232
935 372
650 899
218 323
303 232
627 125
437 232
485 544
121 806
483 125
385 232
681 232
580 167
351 850
106 232
598 106
934 125
261 232
899 131
730 444
610 232
122 120
338 125
917 232
509 232
858 125
281 249
450 232
296 232
436 136
466 232
639 492
544 503
181 125
499 70
375 125
429 232
628 415
586 591
568 125
910 169
963 232
649 125
360 391
801 232
440 125
925 267
433 759
317 995
110 253
605 136
26 125
199 292
363 125
103 187
708 964
29 18
655 368
995 232
874 544
184 125
792 164
403 125
291 841
428 34
268 125
877 232
442 859
529 434
511 189
672 125
841 824
944 232
673 178
18 232
616 324
515 125
101 748
660 108
486 125
20 353
357 232
67 627
267 577
788 995
478 412
545 125
930 704
84 659
861 831
906 390
594 125
424 232
119 153
851 529
683 125
645 232
894 43
658 232
495 232
537 941
595 907
298 125
903 68
613 63
896 720
620 232
434 503
481 125
409 17
163 125
324 125
286 130
75 232
885 125
90 125
646 667
10 232
201 721
33 887
294 62
786 562
571 232
710 232
677 125
667 125
578 111
222 519
962 125
254 261
857 129
812 183
796 125
227 125
282 748
116 125
724 806
170 125
562 757
132 167
131 125
978 232
352 285
779 902
155 125
212 838
959 706
840 115
591 720
459 125
936 537
280 125
279 420
833 232
165 125
887 125
560 125
393 125
366 645
477 232
918 232
34 756
53 232
886 451
465 957
996 232
787 374
781 714
492 486
252 957
195 596
662 115
670 239
211 232
700 402
585 232
35 125
22 374
169 393
524 125
395 95
168 747
149 232
687 363
518 699
968 232
460 125
81 125
16 331
491 277
314 125
188 634
207 640
240 66
108 130
690 125
237 475
13 203
723 232
824 232
780 998
766 153
526 232
804 232
420 232
390 232
129 232
956 232
326 107
979 164
640 125
248 232
718 526
31 380
221 125
686 125
264 125
117 232
947 232
647 125
461 823
299 232
698 232
666 596
144 232
821 490
193 374
11 236
15 280
141 232
765 232
819 454
791 12
966 125
837 125
337 751
693 125
682 125
813 232
425 232
87 958
344 930
692 151
759 232
525 353
793 848
71 232
825 232
853 125
349 125
92 232
389 201
575 232
204 412
502 367
939 232
948 232
880 232
993 232
800 538
554 266
191 340
623 125
133 232
143 125
750 232
566 958
128 125
56 233
37 331
341 83
183 125
383 205
435 632
381 71
527 209
224 339
263 125
565 723
971 172
513 993
964 125
928 232
284 732
312 232
42 125
604 232
154 232
721 125
941 232
487 832
260 234
755 125
311 232
484 163
305 125
30 909
802 232
241 141
388 707
302 125
173 125
777 162
737 720
709 232
530 144
617 126
223 795
336 690
817 125
815 53
507 958
510 555
451 232
712 125
230 774
943 232
153 125
579 125
892 468
76 232
699 232
64 125
636 232
249 125
534 232
736 629
185 293
259 125
998 594
68 232
852 232
725 577
361 421
262 232
239 681
835 192
716 767
408 332
27 443
83 232
980 232
743 379
922 125
904 125
569 398
600 232
205 125
919 125
266 232
348 232
984 990
482 125
219 397
990 125
916 232
444 125
157 125
831 232
469 378
473 360
538 283
55 232
763 232
374 77
902 125
441 990
316 493
644 125
52 853
475 232
182 82
334 232
826 77
961 232
715 125
14 125
911 232
701 738
503 232
365 950
547 125
225 125
937 536
865 615
57 232
377 232
180 232
332 125
474 880
43 232
951 232
731 736
895 232
51 816
751 98
58 232
946 872
228 232
339 125
417 42
471 102
368 125
522 53
878 841
4 125
426 232
202 125
91 903
111 125
576 884
330 967
557 125
135 125
514 125
921 618
370 563
36 125
166 232
85 125
965 505
626 898
392 439
406 960
508 125
5 125
45 915
711 232
327 125
161 438
162 125
920 543
619 690
675 232
953 87
653 195
790 41
387 232
528 125
497 125
200 232
79 901
197 176
401 106
100 104
378 852
315 184
498 950
274 125
764 401
783 831
213 232
9 102
533 252
635 34
717 334
938 408
359 54
258 404
276 717
47 232
556 154
888 425
976 386
175 47
216 571
309 125
945 908
269 720
335 130
379 125
875 327
952 852
986 794
488 71
973 125
808 900
214 55
749 232
836 540
748 125
137 74
827 125
771 735
321 125
860 98
142 294
758 166
468 782
696 232
490 125
820 949
905 125
418 232
809 232
839 739
862 232
353 531
113 950
287 125
167 232
664 390
795 275
789 232
799 632
807 232
206 232
729 125
770 588
189 334
611 932
773 232
811 763
179 630
746 319
950 125
614 125
208 232
209 125
691 125
870 232
250 502
706 232
414 362
146 467
446 232
50 449
431 198
933 263
949 232
127 536
505 629
257 625
574 49
726 232
810 585
331 154
521 232
891 232
859 405
927 114
242 192
419 190
516 274
192 232
985 125
246 232
372 232
404 668
2 125
908 232
929 232
454 232
828 232
476 125
243 232
869 125
32 332
432 494
293 418
347 929
753 681
12 893
445 431
582 232
501 73
822 125
138 232
430 557
958 125
323 563
251 125
313 235
969 232
164 648
523 249
238 125
572 958
849 183
88 232
48 604
991 125
754 232
661 232
277 232
747 399
96 399
551 125
739 995
588 125
394 232
398 558
439 232
678 399
549 321
842 125
823 232
648 125
733 120
231 125
689 232
955 811
805 125
245 232
778 125
28 125
871 232
295 488
82 841
40 125
830 690
457 232
960 232
632 125
186 325
651 405
41 232
624 769
558 232
215 533
99 232
333 621
118 971
564 726
654 125
329 125
774 232
187 232
354 232
19 125
292 125
567 59
848 232
659 125
702 8
913 232
270 497
924 917
23 125
854 125
102 125
77 232
532 696
882 125
775 844
633 196
236 627
438 232
301 871
555 232
881 125
609 125
120 92
785 826
60 252
847 232
535 652
283 505
814 125
975 862
772 47
680 740
559 908
463 71
722 801
151 125
890 535
752 232
868 125
695 862
126 125
147 125
74 125
599 125
676 125
470 232
592 125
156 232
190 232
345 125
494 320
72 232
705 125
472 232
719 526
546 553
761 103
443 232
634 232
845 232
46 125
306 850
612 982
255 275
589 246
581 232
738 125
621 125
629 125
407 939
356 87
512 499
98 125
256 707
480 125
78 948
410 125
386 984
601 125
114 614
988 186
342 858
500 232
587 811
552 232
879 232
489 653
900 125
423 271
285 565
563 125
665 893
602 938
999 125
769 232
400 125
59 232
615 125
638 353
642 695
25 872
593 232
411 614
631 125
159 391
8 47
684 102
756 232
290 183
415 232
618 125
768 232
54 232
453 634
422 149
543 749
652 125
367 125
160 125
229 570
402 125
369 232
742 166
322 244
897 232
668 125
467 91
115 618
641 232
531 232
548 760
583 7
694 864
856 126
462 125
818 232
399 125
517 647
622 754
898 232
178 125
697 125
782 232
66 827
104 125
720 232
384 232
343 725
340 125
657 373
983 652
217 249
926 428
519 232
539 164
455 232
496 243
561 345
762 305
244 125
703 314
97 693
177 904
134 515
140 125
265 125
914 681
816 423
39 125
396 33
570 232
757 125
94 125
391 125
304 232
325 232
977 282
210 71
970 715
271 440
382 458
850 353
843 49
603 259
427 232
24 125
573 232
844 125
798 629
139 125
876 232
198 969
974 825
713 110
864 125
553 328
550 949
760 707
176 125
358 273
