243
156 53 370
203 246 80
47 35 11
206 282 470
149 410 392
31 114 267
275 185 142
400 89 424
55 135 110
483 475 14
425 329 414
134 410 140
100 85 159
149 322 445
375 492 438
435 451 191
45 433 311
173 344 199
260 128 92
127 243 144
46 484 479
419 444 483
281 431 154
4 466 150
294 361 452
160 435 392
261 100 212
217 307 148
221 232 83
120 157 133
417 409 23
42 24 237
321 144 266
274 332 242
359 176 75
345 101 35
212 468 104
326 324 226
142 95 183
224 383 302
165 325 286
102 464 166
52 430 32
363 118 143
392 299 316
442 122 63
170 479 91
149 236 14
22 183 358
43 459 494
489 147 377
346 492 168
10 166 148
165 495 79
397 334 211
442 483 446
318 349 419
40 151 317
99 458 228
150 70 129
196 307 493
82 170 294
5 187 23
233 87 187
402 412 186
149 293 50
225 107 218
470 107 59
31 32 29
378 87 305
347 497 77
311 21 280
252 299 128
165 19 63
428 271 150
397 210 334
103 245 104
124 225 211
252 19 113
216 228 128
332 456 220
426 111 256
97 17 19
131 130 125
270 107 396
119 214 446
134 73 167
27 457 476
162 290 60
292 207 493
462 335 335
446 405 368
382 21 254
199 48 221
108 477 448
294 461 484
474 85 173
152 337 242
410 462 329
162 418 216
271 111 336
411 352 411
138 174 473
201 490 255
39 440 498
144 493 322
343 98 23
203 461 318
66 393 496
138 342 439
31 446 86
353 326 238
292 242 383
207 475 200
112 409 2
109 473 81
7 313 449
132 60 203
415 395 401
196 450 114
282 28 450
487 104 83
344 312 170
420 457 288
397 402 242
469 270 226
14 41 18
357 305 58
251 288 443
132 312 397
72 22 186
41 394 451
268 464 6
153 429 178
424 39 44
492 279 233
196 106 404
160 199 120
389 250 439
495 205 49
40 59 469
318 409 454
188 263 223
213 440 365
398 228 35
322 452 482
101 327 155
477 429 246
217 61 409
286 86 191
448 84 91
362 77 168
254 441 174
133 278 499
463 3 364
87 3 332
160 62 280
57 250 403
367 308 248
270 39 267
126 211 434
151 183 118
393 93 443
321 1 347
28 313 465
161 279 468
466 240 401
467 291 157
480 445 260
403 226 314
317 227 201
73 129 395
306 186 339
175 69 222
43 311 74
346 415 319
91 147 462
482 191 102
295 407 180
346 318 453
48 40 207
331 480 463
92 169 335
191 168 90
154 453 12
310 11 269
487 387 425
46 411 184
414 417 489
51 82 94
300 254 339
294 481 40
390 474 496
60 89 334
246 346 454
382 114 317
403 426 339
156 437 476
353 208 452
307 122 460
251 361 114
159 189 118
382 168 276
321 272 232
461 412 205
260 206 497
419 161 146
225 211 302
7 129 95
460 277 235
355 288 315
423 187 207
487 199 320
15 80 262
35 235 499
495 323 472
178 310 408
160 467 47
387 133 248
114 328 476
245 457 310
399 34 77
474 123 36
154 68 486
25 84 204
405 298 349
318 281 366
492 276 135
10 269 126
81 385 50
106 17 487
163 42 63
139 32 450
330 148 313
456 324 360
89 375 77
336 213 488
67 450 364
369 42 287
187 356 2
371 451 283
80 258 211
79 111 433
