65
472 290 371
181 453 59
48 182 76
89 201 63
404 83 298
17 318 284
461 61 348
319 428 189
205 465 64
336 37 395
480 333 106
386 114 483
336 247 83
304 152 305
150 174 109
458 394 243
472 33 33
29 87 307
471 385 54
497 42 42
459 388 145
416 8 105
292 398 97
289 198 79
168 226 419
456 484 381
493 45 255
202 476 85
353 355 282
73 332 276
337 42 468
372 131 363
469 426 434
179 313 43
261 2 157
282 493 14
216 258 32
11 352 317
480 230 6
8 259 212
478 489 484
444 70 263
156 434 425
359 432 277
491 70 137
323 116 21
180 20 83
366 337 40
350 163 111
248 28 275
180 300 139
358 484 90
218 479 173
297 270 207
145 72 8
140 20 445
344 193 270
438 3 83
385 280 189
245 15 169
260 490 294
184 20 3
331 447 331
302 305 469
41 154 52
