1000
273 264 497
378 277 402
480 443 66
485 253 15
72 413 7
308 44 323
142 414 100
23 291 370
271 312 100
323 333 56
185 144 381
408 199 192
79 92 95
201 489 174
318 92 308
204 305 130
261 338 82
57 377 51
350 185 448
330 241 157
8 13 190
353 272 272
303 180 154
475 191 102
221 313 462
195 63 460
68 401 479
42 289 16
8 460 110
336 200 119
265 241 425
378 337 294
85 353 348
202 359 331
321 432 225
73 296 309
58 232 386
236 450 470
97 295 166
152 198 488
459 260 100
142 73 117
394 58 90
284 309 125
47 456 4
103 399 392
229 322 372
440 11 191
395 150 445
395 86 374
496 424 208
115 127 275
12 306 186
382 402 279
79 10 327
355 151 219
190 216 465
350 245 455
28 261 472
400 230 366
238 234 51
356 261 179
99 489 129
26 172 114
236 73 165
450 35 71
400 84 313
134 114 47
2 335 364
196 311 402
229 102 424
430 168 254
392 197 387
266 144 97
48 154 398
234 274 421
69 57 482
260 467 251
398 288 54
34 195 480
445 237 282
231 352 136
262 378 375
334 131 173
303 301 28
358 173 241
9 42 243
274 49 14
321 105 166
420 12 124
5 491 21
238 358 237
195 323 150
492 390 152
68 68 224
97 317 446
441 260 4
486 281 404
224 339 386
403 44 219
408 231 363
103 406 96
58 366 489
330 18 429
399 9 147
408 106 482
487 193 252
490 475 352
113 234 267
390 18 99
133 381 37
412 384 209
202 494 205
364 297 295
100 144 43
163 491 329
307 414 367
127 117 78
127 114 13
174 112 315
377 465 118
262 234 381
316 58 43
283 151 421
257 43 103
86 339 27
87 58 160
216 347 333
318 274 91
430 51 6
396 153 283
253 308 180
26 173 384
179 33 214
65 41 278
408 449 395
184 109 315
106 301 152
89 434 336
389 99 225
390 29 105
100 46 56
156 165 350
336 394 229
495 477 266
76 90 32
464 220 72
276 414 487
99 75 59
284 457 477
497 155 42
383 423 294
490 334 453
483 220 448
195 272 291
72 149 67
422 294 201
334 200 212
36 118 409
87 320 66
207 241 438
422 456 330
399 137 292
120 475 306
279 414 53
374 457 417
374 146 165
448 409 361
360 128 349
426 299 443
56 16 443
113 80 371
500 386 382
395 193 305
311 196 387
10 15 26
114 128 58
112 285 93
311 237 145
456 267 22
411 327 69
138 292 297
363 198 208
108 14 486
131 210 162
159 314 141
140 46 136
2 200 5
30 298 211
129 120 6
372 262 418
360 167 445
16 117 204
175 190 56
131 207 160
390 127 453
249 370 245
232 210 299
17 375 177
8 459 138
103 264 129
137 473 451
116 251 280
54 239 287
262 122 109
476 142 246
254 424 148
92 192 256
153 401 277
239 13 122
100 304 463
461 16 84
253 94 73
353 117 454
37 27 41
162 109 42
470 439 393
131 9 389
445 435 29
322 258 304
392 402 49
304 295 279
489 241 139
301 365 461
460 390 374
461 334 302
357 188 205
124 225 38
422 352 497
271 56 35
485 90 135
443 107 493
409 342 324
228 128 227
161 121 299
285 135 146
226 113 121
270 286 147
362 203 301
294 217 376
97 212 323
405 136 42
299 382 487
31 460 417
353 116 42
359 433 288
284 89 377
151 290 345
377 121 52
418 263 89
443 347 447
105 274 59
366 394 72
249 347 188
84 26 304
148 303 365
7 483 498
242 453 83
304 376 432
64 218 423
205 120 57
457 328 428
343 33 350
217 22 331
147 435 369
143 463 6
122 20 59
360 213 185
167 393 263
147 73 181
140 128 259
4 142 176
329 75 368
374 475 381
149 353 37
1 56 295
40 99 350
208 308 294
64 165 168
236 414 494
339 77 65
177 227 294
218 116 366
172 462 300
39 96 181
382 487 322
227 432 168
140 404 62
421 108 414
31 134 452
334 26 399
468 378 31
111 209 126
288 355 200
250 362 66
81 331 169
493 195 85
1 179 469
332 37 477
25 100 284
242 256 39
469 38 417
357 278 148
233 402 244
205 136 383
423 95 227
65 70 199
492 147 456
22 97 55
450 458 209
454 195 181
355 390 374
443 73 254
265 227 176
172 468 322
95 408 98
356 273 417
210 420 287
331 283 120
373 490 48
425 309 249
243 216 443
431 47 18
213 458 496
223 17 135
389 37 363
259 231 435
491 215 27
413 19 38
390 5 74
399 33 253
37 452 92
319 22 198
78 282 348
295 462 236
146 89 389
186 1 221
217 234 128
448 285 67
314 218 343
310 364 260
279 330 175
47 19 309
481 209 498
84 204 7
453 33 207
174 346 187
259 286 435
2 157 218
144 31 221
348 22 270
168 278 275
426 142 138
378 328 87
450 133 2
146 60 237
251 92 262
391 41 419
345 95 432
437 125 226
480 238 484
301 29 111
416 286 419
411 205 444
376 400 283
320 84 466
429 57 294
98 21 403
351 440 26
343 36 252
40 235 455
255 284 179
229 196 473
44 388 293
470 164 270
422 178 240
179 315 1
430 468 370
381 205 295
345 345 168
248 95 464
258 411 459
129 110 157
333 191 385
472 137 295
120 87 289
204 311 142
247 206 141
478 81 175
33 412 281
311 88 196
230 346 423
405 246 113
229 73 165
156 295 84
189 240 489
452 408 236
12 377 200
324 1 294
150 270 211
340 189 284
34 20 439
118 138 14
166 275 192
307 309 244
420 317 228
404 116 294
157 222 93
131 463 348
93 313 28
180 451 173
295 295 370
274 282 421
469 354 377
129 221 382
367 449 107
449 441 432
222 79 270
176 252 429
75 136 221
500 325 336
265 329 139
90 165 92
397 467 243
148 63 183
177 270 274
313 158 478
202 301 333
41 312 423
460 31 253
141 205 201
226 275 240
413 211 342
159 275 304
280 2 173
131 233 350
388 249 96
18 182 31
327 434 391
330 418 146
441 137 450
262 38 458
407 111 306
480 320 461
296 183 306
442 380 165
462 250 274
125 303 431
2 272 163
8 12 277
67 277 197
351 271 454
198 146 480
494 499 180
66 489 471
354 113 161
244 245 285
404 173 67
122 238 497
70 253 225
2 192 340
398 126 312
137 15 494
242 124 102
411 443 97
452 52 425
132 488 8
413 290 376
337 206 441
140 21 206
322 276 280
457 84 332
278 320 310
317 369 180
417 371 36
237 478 255
329 351 313
192 86 110
100 487 19
138 478 220
320 286 247
163 240 280
255 498 39
379 80 141
39 242 72
423 383 373
125 101 302
142 278 354
486 89 37
66 74 423
121 294 26
75 381 312
21 114 463
386 146 389
307 438 373
367 34 306
185 7 5
327 460 238
84 490 432
376 359 216
340 333 139
212 141 94
174 228 227
202 384 473
104 225 260
206 181 315
382 5 378
104 182 303
462 271 283
381 49 24
481 448 319
47 61 272
302 234 119
43 400 312
408 153 276
271 142 59
488 297 25
418 217 377
61 490 88
325 500 93
469 364 30
6 259 495
35 116 57
196 330 4
147 286 125
159 10 432
146 290 72
192 22 131
376 299 188
261 190 38
296 44 85
181 239 222
73 14 125
102 499 81
68 417 38
345 309 250
162 259 371
199 283 180
412 134 79
28 77 260
102 235 68
495 253 466
136 191 106
346 464 421
219 398 57
52 298 47
10 287 116
107 29 203
377 440 434
81 120 11
200 418 217
478 189 436
416 100 343
284 398 152
221 66 82
327 366 465
347 334 496
343 278 35
299 357 451
486 308 291
454 172 342
437 195 434
435 100 158
83 189 63
316 339 269
386 386 373
251 359 232
183 346 161
112 137 358
386 400 305
180 410 387
103 202 431
8 430 7
279 268 224
152 297 65
191 48 152
11 114 401
53 279 426
365 253 394
219 398 112
447 480 247
281 214 366
121 390 364
58 461 355
300 247 453
412 63 332
404 143 388
90 234 172
2 298 382
22 121 122
231 113 317
480 30 416
158 130 125
493 304 442
81 111 196
87 287 66
414 481 326
421 399 334
44 400 364
124 494 354
93 220 177
466 79 336
19 164 207
32 325 212
196 395 144
172 279 218
197 38 74
366 224 359
115 142 440
179 392 376
408 225 120
77 25 403
356 198 373
289 294 207
295 8 17
417 494 153
229 363 259
253 414 145
202 305 474
469 75 479
163 232 115
416 59 492
87 175 241
427 161 279
407 427 415
266 74 479
168 382 130
342 167 452
232 276 44
270 229 50
354 463 465
373 109 258
365 136 255
140 57 164
402 409 395
145 372 262
451 360 231
329 382 352
256 351 296
281 388 427
347 430 467
100 51 144
314 428 150
497 495 471
181 219 450
86 345 326
6 94 418
500 206 239
109 11 310
299 169 416
331 427 245
197 164 45
23 252 242
268 498 254
34 250 191
175 164 395
275 347 438
493 337 371
35 22 26
445 274 157
2 287 75
472 450 464
282 335 252
372 116 148
303 84 454
158 263 306
456 231 162
457 367 348
419 159 220
332 290 252
85 194 406
383 489 500
169 20 32
12 394 249
111 402 407
148 151 497
75 232 267
318 389 48
406 431 14
445 217 140
339 5 43
181 274 420
140 456 81
153 62 300
166 257 90
150 71 491
486 225 172
466 115 396
211 387 111
262 499 312
121 393 357
4 368 181
251 35 108
225 161 8
83 284 128
137 59 196
458 242 139
119 43 351
192 189 281
70 295 286
374 280 192
296 61 432
291 132 191
38 322 75
354 77 104
105 19 281
483 329 468
35 281 243
454 400 222
17 37 418
416 375 191
418 67 300
422 278 133
163 240 467
58 287 62
344 352 233
214 397 319
7 401 362
342 258 52
299 145 360
42 157 45
24 71 275
274 4 36
192 313 405
293 462 52
30 184 223
101 49 83
160 62 341
463 30 453
373 396 239
333 315 493
317 9 212
419 487 329
208 93 234
254 209 462
58 33 286
351 165 116
4 254 173
119 63 433
370 231 225
204 110 467
366 480 161
490 437 292
289 246 352
224 437 246
318 37 441
290 477 292
184 286 216
264 48 469
40 34 78
376 7 260
60 430 251
438 254 213
64 187 390
434 113 345
79 67 450
8 440 332
187 89 307
167 397 301
221 51 324
336 85 73
235 334 332
356 156 62
419 482 33
52 332 49
469 448 136
21 336 53
70 333 409
297 406 483
58 384 58
369 81 64
420 305 41
388 337 336
102 198 494
110 395 51
454 312 262
480 451 182
223 362 410
352 500 224
52 387 273
174 414 9
315 231 80
330 267 245
34 168 452
167 426 157
453 497 221
270 75 174
113 351 96
150 13 478
55 234 103
357 387 180
415 453 258
42 205 80
239 389 88
149 457 433
413 306 217
364 141 195
2 364 289
406 214 63
108 109 62
314 437 368
173 159 204
88 81 220
158 141 76
423 156 262
326 221 193
11 111 94
329 204 386
236 11 379
101 423 163
110 343 182
211 468 299
350 421 7
64 48 390
59 168 72
246 147 376
404 100 417
466 85 426
152 318 438
37 266 401
17 436 32
275 452 225
241 171 47
84 186 37
72 43 262
23 340 466
100 489 56
295 24 35
251 442 26
338 92 386
486 106 468
284 427 350
203 467 469
98 90 142
23 8 167
360 152 399
360 213 498
54 346 442
345 399 332
39 343 124
342 494 164
284 51 200
151 178 264
383 323 47
174 343 71
351 73 345
358 338 427
69 162 493
198 160 182
158 488 308
20 189 97
325 65 244
314 302 269
161 209 432
287 387 78
222 26 412
222 362 57
380 231 450
227 90 59
411 197 186
157 495 50
67 214 152
423 185 115
251 197 279
479 318 217
483 21 24
270 127 432
175 33 222
53 346 283
191 250 327
98 431 215
55 283 339
469 122 277
259 491 252
180 193 387
395 454 96
53 29 384
191 90 91
237 266 253
191 173 177
105 241 195
154 295 266
232 391 261
465 211 301
69 209 125
470 124 464
383 359 142
339 297 439
420 409 119
271 271 466
365 466 265
99 350 376
282 333 198
376 269 191
359 383 494
356 383 244
162 168 125
427 445 392
30 173 419
391 156 419
430 481 442
287 47 343
319 464 181
330 289 56
329 79 334
108 243 241
60 324 134
477 444 43
494 410 327
319 445 114
286 312 321
284 491 241
478 381 336
225 248 460
430 258 405
138 168 303
204 239 416
408 344 83
496 95 187
225 411 57
401 143 344
238 417 117
336 94 308
192 40 159
290 476 393
250 476 491
26 325 306
320 116 317
446 75 194
30 62 485
418 84 228
157 300 18
231 224 145
67 359 316
209 329 348
276 442 310
124 94 217
115 3 248
45 16 82
357 361 39
361 363 430
198 261 454
257 439 216
16 340 379
298 139 152
143 407 281
94 316 284
264 287 365
432 442 307
355 128 113
435 81 299
292 297 393
175 309 468
113 165 280
303 313 261
32 60 441
233 150 62
163 412 241
402 226 65
254 302 382
178 330 463
394 196 361
157 343 224
306 213 285
360 279 322
165 9 322
428 98 39
239 63 345
329 66 197
344 62 264
63 136 133
294 20 44
418 185 78
446 439 491
247 339 344
3 437 262
257 355 9
104 287 373
460 43 23
316 12 354
483 306 306
234 372 293
232 123 166
272 99 37
403 246 336
301 51 223
242 289 222
73 458 463
297 80 247
245 106 467
51 303 464
408 105 448
478 395 255
38 453 67
254 356 383
495 60 341
401 384 3
439 273 471
421 388 463
161 70 43
