87
9 6 4
10 7 6
8 6 8
7 1 7
5 9 3
8 9 6
5 8 7
4 6 8
9 4 4
1 2 5
7 1 3
2 1 6
1 10 10
8 5 7
2 2 7
1 6 8
3 9 1
2 7 7
4 7 9
4 10 7
7 5 9
2 2 9
3 6 8
2 3 2
5 3 3
1 3 8
3 6 1
5 6 8
2 9 3
3 10 3
1 6 8
1 10 1
9 6 7
3 10 6
3 2 1
10 3 10
6 1 1
2 3 9
8 10 3
6 7 10
3 3 7
4 3 3
1 10 1
2 9 1
5 4 1
9 1 5
10 2 7
2 1 10
4 9 7
4 6 3
10 3 7
4 3 8
2 4 7
9 3 8
9 1 6
7 3 9
4 6 4
5 3 5
4 1 10
6 7 10
5 3 9
1 5 3
3 9 7
6 5 2
3 3 9
2 5 1
10 9 10
7 2 9
5 5 3
4 2 5
6 10 3
8 4 2
6 8 10
8 6 9
2 1 3
1 3 10
5 5 5
5 2 9
10 8 6
7 8 5
10 3 4
10 2 2
10 4 4
8 1 3
10 6 8
4 8 2
5 3 8
